REMARK  Neural network secondary structure prediction for 2klc.tab
REMARK     H-Helix    E-Strand   L-Coil 

DATA FIRST_RESID 1

DATA SEQUENCE     PKIMKVTVKT PKEKEEFAVP ENSSVQQFKE EISKRFKSHT DQLVLIFAGK 
DATA PREDICTED_SS LLEEEEEEEL LLLEEEEEEL LLLLHHHHHH HHHHHLLLLH HHLEEEELLE 
DATA CONFIDENCE   0638999977 9826999826 8996999999 9999617874 5018997873 


DATA SEQUENCE     ILKDQDTLSQ HGIHDGLTVH LVIK
DATA PREDICTED_SS ELLLHLLHHH LLLLLLLEEE EEEL
DATA CONFIDENCE   5580087796 5999972799 9980

VARS RESID RESNAME CS_CNT CS_CNT_R2 Q_H Q_E Q_L CONFIDENCE SS_CLASS
FORMAT %4d %1s %2d %2d %8.3f %8.3f %8.3f %4.2f %s

    1 P 10  4    0.333    0.333    0.333 0.00 L
    2 K 16  6    0.042    0.175    0.783 0.61 L
    3 I 18  6    0.000    0.681    0.319 0.36 E
    4 M 18  6    0.000    0.929    0.071 0.86 E
    5 K 18  6    0.000    0.984    0.016 0.97 E
    6 V 18  6    0.000    0.978    0.022 0.96 E
    7 T 18  6    0.003    0.985    0.013 0.97 E
    8 V 18  6    0.005    0.982    0.013 0.97 E
    9 K 17  6    0.003    0.883    0.114 0.77 E
   10 T 15  5    0.000    0.123    0.877 0.75 L
   11 P 15  4    0.008    0.029    0.963 0.93 L
   12 K 16  6    0.035    0.069    0.896 0.83 L
   13 E 18  6    0.002    0.350    0.648 0.30 L
   14 K 18  6    0.000    0.849    0.151 0.70 E
   15 E 18  6    0.000    0.971    0.029 0.94 E
   16 E 18  6    0.004    0.976    0.019 0.96 E
   17 F 18  6    0.002    0.979    0.019 0.96 E
   18 A 17  6    0.000    0.939    0.061 0.88 E
   19 V 15  5    0.000    0.601    0.399 0.20 E
   20 P 15  4    0.005    0.153    0.842 0.69 L
   21 E 16  6    0.039    0.059    0.901 0.84 L
   22 N 18  6    0.039    0.018    0.943 0.90 L
   23 S 18  6    0.019    0.021    0.960 0.94 L
   24 S 18  6    0.151    0.071    0.778 0.63 L
   25 V 17  6    0.958    0.001    0.041 0.92 H
   26 Q 15  5    0.995    0.000    0.005 0.99 H
   27 Q 15  4    0.990    0.003    0.008 0.98 H
   28 F 16  6    0.988    0.002    0.010 0.98 H
   29 K 18  6    0.994    0.000    0.006 0.99 H
   30 E 18  6    0.995    0.001    0.004 0.99 H
   31 E 18  6    0.994    0.001    0.005 0.99 H
   32 I 18  6    0.994    0.000    0.006 0.99 H
   33 S 18  6    0.989    0.000    0.011 0.98 H
   34 K 18  6    0.963    0.000    0.037 0.93 H
   35 R 18  6    0.813    0.000    0.187 0.63 H
   36 F 18  6    0.448    0.000    0.552 0.10 L
   37 K 18  6    0.098    0.008    0.895 0.80 L
   38 S 14  6    0.054    0.016    0.930 0.88 L
   39 H 12  2    0.138    0.018    0.843 0.71 L
   40 T 12  4    0.748    0.000    0.252 0.50 H
   41 D 16  6    0.796    0.000    0.204 0.59 H
   42 Q 18  6    0.513    0.026    0.461 0.05 H
   43 L 18  6    0.068    0.383    0.549 0.17 L
   44 V 18  6    0.000    0.909    0.091 0.82 E
   45 L 18  6    0.006    0.993    0.001 0.99 E
   46 I 14  6    0.001    0.992    0.007 0.99 E
   47 F 12  2    0.000    0.851    0.149 0.70 E
   48 A 11  4    0.004    0.088    0.908 0.82 L
   49 G 15  5    0.004    0.125    0.871 0.75 L
   50 K 17  6    0.000    0.672    0.328 0.34 E
   51 I 18  6    0.001    0.766    0.233 0.53 E
   52 L 18  6    0.015    0.201    0.785 0.58 L
   53 K 18  6    0.048    0.065    0.887 0.82 L
   54 D 18  6    0.447    0.064    0.489 0.04 L
   55 Q 18  6    0.513    0.009    0.477 0.04 H
   56 D 18  6    0.096    0.000    0.904 0.81 L
   57 T 18  6    0.108    0.046    0.845 0.74 L
   58 L 18  6    0.895    0.007    0.098 0.80 H
   59 S 18  6    0.980    0.000    0.020 0.96 H
   60 Q 18  6    0.823    0.000    0.177 0.65 H
   61 H 17  6    0.227    0.000    0.773 0.55 L
   62 G 17  5    0.039    0.021    0.940 0.90 L
   63 I 17  6    0.015    0.019    0.965 0.95 L
   64 H 18  6    0.000    0.035    0.965 0.93 L
   65 D 17  6    0.001    0.040    0.960 0.92 L
   66 G 17  5    0.024    0.118    0.859 0.74 L
   67 L 17  6    0.000    0.359    0.641 0.28 L
   68 T 18  6    0.000    0.873    0.127 0.75 E
   69 V 18  6    0.003    0.990    0.006 0.98 E
   70 H 18  6    0.008    0.987    0.005 0.98 E
   71 L 18  6    0.005    0.979    0.016 0.96 E
   72 V 18  6    0.003    0.987    0.010 0.98 E
   73 I 18  6    0.008    0.903    0.089 0.81 E
   74 K 12  6    0.333    0.333    0.333 0.00 L
