# PSIPRED VFORMAT (PSIPRED V2.6 by David Jones)

   1 P C   0.561  0.205  0.234
   2 K C   0.468  0.217  0.315
   3 I E   0.282  0.201  0.517
   4 M E   0.259  0.187  0.554
   5 K E   0.185  0.192  0.622
   6 V E   0.177  0.193  0.630
   7 T E   0.220  0.152  0.628
   8 V E   0.307  0.118  0.575
   9 K E   0.407  0.130  0.464
  10 T C   0.534  0.174  0.292
  11 P C   0.567  0.253  0.180
  12 K C   0.569  0.246  0.186
  13 E C   0.587  0.224  0.189
  14 K C   0.438  0.305  0.257
  15 E E   0.324  0.264  0.412
  16 E E   0.229  0.268  0.504
  17 F E   0.237  0.210  0.553
  18 A E   0.236  0.178  0.585
  19 V E   0.354  0.167  0.478
  20 P C   0.413  0.251  0.336
  21 E C   0.496  0.279  0.225
  22 N C   0.484  0.364  0.152
  23 S C   0.428  0.388  0.184
  24 S H   0.354  0.404  0.242
  25 V H   0.197  0.517  0.286
  26 Q H   0.163  0.601  0.236
  27 Q H   0.181  0.548  0.270
  28 F H   0.203  0.558  0.239
  29 K H   0.174  0.624  0.202
  30 E H   0.148  0.685  0.167
  31 E H   0.174  0.621  0.205
  32 I H   0.204  0.543  0.253
  33 S H   0.240  0.477  0.283
  34 K H   0.287  0.479  0.234
  35 R H   0.262  0.508  0.230
  36 F C   0.412  0.346  0.242
  37 K C   0.533  0.238  0.229
  38 S C   0.576  0.235  0.189
  39 H C   0.456  0.344  0.200
  40 T C   0.429  0.402  0.169
  41 D H   0.328  0.491  0.181
  42 Q H   0.208  0.519  0.273
  43 L H   0.145  0.454  0.401
  44 V E   0.148  0.359  0.493
  45 L E   0.124  0.394  0.482
  46 I E   0.128  0.382  0.490
  47 F E   0.155  0.422  0.423
  48 A H   0.238  0.437  0.325
  49 G H   0.332  0.418  0.250
  50 K H   0.319  0.384  0.297
  51 I E   0.286  0.299  0.415
  52 L E   0.329  0.320  0.352
  53 K C   0.456  0.263  0.281
  54 D C   0.543  0.256  0.200
  55 Q C   0.488  0.301  0.211
  56 D C   0.480  0.275  0.244
  57 T C   0.399  0.351  0.250
  58 L H   0.280  0.396  0.324
  59 S E   0.306  0.341  0.353
  60 Q H   0.307  0.389  0.303
  61 H C   0.392  0.303  0.306
  62 G C   0.469  0.215  0.316
  63 I C   0.464  0.268  0.268
  64 H C   0.441  0.276  0.283
  65 D C   0.481  0.287  0.232
  66 G C   0.475  0.285  0.239
  67 L C   0.401  0.286  0.313
  68 T E   0.263  0.244  0.493
  69 V E   0.167  0.286  0.547
  70 H E   0.161  0.280  0.559
  71 L E   0.133  0.279  0.588
  72 V E   0.175  0.256  0.569
  73 I E   0.184  0.289  0.527
  74 K E   0.254  0.320  0.426
