# PSIPRED VFORMAT (PSIPRED V2.6 by David Jones)

   1 Q C   0.535  0.219  0.246
   2 L C   0.548  0.217  0.235
   3 T C   0.452  0.323  0.225
   4 E H   0.321  0.530  0.149
   5 E H   0.290  0.549  0.161
   6 Q H   0.236  0.540  0.224
   7 I H   0.186  0.576  0.238
   8 A H   0.182  0.609  0.209
   9 E H   0.209  0.560  0.231
  10 F H   0.169  0.582  0.249
  11 K H   0.180  0.600  0.220
  12 E H   0.194  0.546  0.260
  13 A H   0.215  0.519  0.266
  14 F H   0.236  0.388  0.376
  15 S E   0.228  0.307  0.465
  16 L E   0.258  0.269  0.472
  17 F E   0.396  0.185  0.419
  18 D C   0.504  0.183  0.313
  19 K C   0.557  0.211  0.231
  20 D C   0.637  0.188  0.174
  21 G C   0.642  0.194  0.164
  22 D C   0.683  0.151  0.165
  23 G C   0.598  0.156  0.246
  24 T C   0.402  0.201  0.397
  25 I E   0.268  0.184  0.548
  26 T E   0.274  0.237  0.489
  27 T E   0.197  0.399  0.404
  28 K H   0.164  0.502  0.334
  29 E H   0.248  0.491  0.261
  30 L H   0.286  0.469  0.245
  31 G H   0.213  0.539  0.248
  32 T H   0.194  0.480  0.326
  33 V H   0.132  0.504  0.364
  34 M H   0.200  0.431  0.369
  35 R H   0.254  0.375  0.371
  36 S H   0.346  0.395  0.260
  37 L C   0.480  0.329  0.191
  38 G C   0.678  0.191  0.131
  39 Q C   0.647  0.231  0.123
  40 N C   0.710  0.181  0.109
  41 P C   0.616  0.266  0.118
  42 T C   0.543  0.347  0.110
  43 E H   0.317  0.553  0.130
  44 A H   0.246  0.614  0.140
  45 E H   0.226  0.610  0.164
  46 L H   0.173  0.627  0.200
  47 Q H   0.187  0.623  0.190
  48 D H   0.259  0.554  0.187
  49 M H   0.265  0.516  0.219
  50 I H   0.283  0.445  0.272
  51 N H   0.349  0.367  0.284
  52 E H   0.340  0.354  0.306
  53 V C   0.364  0.307  0.329
  54 D C   0.476  0.262  0.263
  55 A C   0.533  0.277  0.190
  56 D C   0.673  0.204  0.122
  57 G C   0.660  0.221  0.119
  58 D C   0.696  0.182  0.122
  59 G C   0.668  0.172  0.160
  60 T C   0.479  0.231  0.289
  61 I C   0.389  0.223  0.388
  62 D C   0.474  0.223  0.303
  63 F C   0.460  0.355  0.185
  64 P H   0.303  0.545  0.151
  65 E H   0.203  0.633  0.164
  66 F H   0.177  0.625  0.198
  67 L H   0.146  0.619  0.235
  68 T H   0.143  0.626  0.231
  69 M H   0.123  0.667  0.211
  70 M H   0.169  0.584  0.247
  71 A H   0.220  0.584  0.196
  72 R H   0.301  0.516  0.183
  73 K C   0.402  0.381  0.216
  74 M C   0.502  0.289  0.209
  75 K C   0.586  0.216  0.199
  76 D C   0.604  0.234  0.161
  77 T C   0.596  0.261  0.143
  78 D C   0.570  0.276  0.154
  79 S C   0.471  0.395  0.134
  80 E H   0.293  0.572  0.135
  81 E H   0.200  0.654  0.146
  82 E H   0.169  0.645  0.186
  83 I H   0.143  0.637  0.220
  84 R H   0.115  0.681  0.204
  85 E H   0.140  0.641  0.219
  86 A H   0.161  0.614  0.225
  87 F H   0.225  0.486  0.290
  88 R E   0.208  0.312  0.480
  89 V E   0.202  0.320  0.478
  90 F E   0.347  0.247  0.406
  91 D C   0.424  0.226  0.350
  92 K C   0.466  0.241  0.294
  93 D C   0.605  0.209  0.186
  94 G C   0.629  0.212  0.159
  95 N C   0.681  0.159  0.160
  96 G C   0.574  0.167  0.259
  97 Y E   0.348  0.264  0.388
  98 I E   0.248  0.284  0.469
  99 S E   0.262  0.358  0.380
 100 A H   0.174  0.543  0.283
 101 A H   0.159  0.643  0.198
 102 E H   0.204  0.591  0.205
 103 L H   0.205  0.580  0.215
 104 R H   0.156  0.558  0.287
 105 H H   0.139  0.524  0.337
 106 V H   0.134  0.487  0.379
 107 M H   0.227  0.399  0.374
 108 T H   0.252  0.407  0.340
 109 N C   0.374  0.324  0.302
 110 L C   0.451  0.293  0.255
 111 G C   0.558  0.273  0.169
 112 E C   0.525  0.279  0.196
 113 K C   0.518  0.268  0.214
 114 L C   0.552  0.232  0.217
 115 T C   0.566  0.265  0.169
 116 D C   0.469  0.406  0.125
 117 E H   0.373  0.499  0.128
 118 E H   0.275  0.563  0.162
 119 V H   0.204  0.615  0.180
 120 D H   0.179  0.646  0.176
 121 E H   0.166  0.650  0.184
 122 M H   0.157  0.618  0.226
 123 I H   0.160  0.572  0.267
 124 R H   0.192  0.556  0.252
 125 E H   0.219  0.522  0.258
 126 A H   0.325  0.448  0.227
 127 D C   0.487  0.306  0.206
 128 I C   0.511  0.316  0.173
 129 D C   0.647  0.219  0.135
 130 G C   0.640  0.238  0.121
 131 D C   0.651  0.219  0.130
 132 G C   0.603  0.213  0.184
 133 Q C   0.455  0.249  0.297
 134 V C   0.418  0.200  0.382
 135 N C   0.438  0.209  0.353
 136 Y H   0.339  0.365  0.296
 137 E H   0.223  0.538  0.239
 138 E H   0.175  0.612  0.213
 139 F H   0.144  0.626  0.230
 140 V H   0.111  0.606  0.282
 141 Q H   0.100  0.611  0.289
 142 M H   0.102  0.636  0.262
 143 M H   0.166  0.596  0.238
 144 T H   0.238  0.571  0.191
 145 A H   0.358  0.501  0.141
 146 K C   0.446  0.432  0.122
