REMARK  Neural network secondary structure prediction for 2k61.tab
REMARK     H-Helix    E-Strand   L-Coil 

DATA FIRST_RESID 1

DATA SEQUENCE     QLTEEQIAEF KEAFSLFDKD GDGTITTKEL GTVMRSLGQN PTEAELQDMI 
DATA PREDICTED_SS LLLHHHHHHH HHHHHHHLLL LLLEELHHHH HHHHHHLLLL LLHHHHHHHH 
DATA CONFIDENCE   0787999999 9999994589 9973667999 9999974989 8969999999 

DATA SEQUENCE     NEVDADGDGT IDFPEFLTMM ARKMKDTDSE EEIREAFRVF DKDGNGYISA 
DATA PREDICTED_SS HHLLLLLLLE ELHHHHHHHH HHHLLLLLLH HHHHHHHHHH LLLLLLEEEH 
DATA CONFIDENCE   8538899972 6589999999 9732899858 9999999995 5899936828 


DATA SEQUENCE     AELRHVMTNL GEKLTDEEVD EMIREADIDG DGQVNYEEFV QMMTAK
DATA PREDICTED_SS HHHHHHHHHL LLEELHHHHH HHHHHLLLLL LLEEEHHHHH HHHLLL
DATA CONFIDENCE   9999999964 9633679999 9999628788 9658389999 980780

VARS RESID RESNAME CS_CNT CS_CNT_R2 Q_H Q_E Q_L CONFIDENCE SS_CLASS
FORMAT %4d %1s %2d %2d %8.3f %8.3f %8.3f %4.2f %s

    1 Q 10  5    0.333    0.333    0.333 0.00 L
    2 L 15  5    0.084    0.050    0.866 0.78 L
    3 T 15  5    0.031    0.063    0.905 0.84 L
    4 E 15  5    0.865    0.016    0.119 0.75 H
    5 E 15  5    0.992    0.000    0.008 0.98 H
    6 Q 15  5    0.994    0.001    0.005 0.99 H
    7 I 15  5    0.997    0.000    0.003 0.99 H
    8 A 15  5    0.994    0.000    0.006 0.99 H
    9 E 15  5    0.989    0.000    0.011 0.98 H
   10 F 15  5    0.987    0.003    0.011 0.98 H
   11 K 15  5    0.996    0.000    0.004 0.99 H
   12 E 15  5    0.993    0.001    0.006 0.99 H
   13 A 15  5    0.993    0.000    0.007 0.99 H
   14 F 15  5    0.989    0.000    0.011 0.98 H
   15 S 15  5    0.985    0.000    0.015 0.97 H
   16 L 14  5    0.953    0.000    0.047 0.91 H
   17 F 14  4    0.730    0.000    0.270 0.46 H
   18 D 14  5    0.232    0.010    0.759 0.53 L
   19 K 15  5    0.064    0.020    0.916 0.85 L
   20 D 14  5    0.025    0.015    0.960 0.93 L
   21 G 14  4    0.012    0.017    0.971 0.95 L
   22 D 13  5    0.003    0.024    0.972 0.95 L
   23 G 14  4    0.002    0.137    0.861 0.72 L
   24 T 14  5    0.000    0.685    0.315 0.37 E
   25 I 15  5    0.000    0.811    0.189 0.62 E
   26 T 15  5    0.000    0.174    0.826 0.65 L
   27 T 15  5    0.841    0.022    0.137 0.70 H
   28 K 15  5    0.986    0.000    0.014 0.97 H
   29 E 15  5    0.993    0.000    0.007 0.99 H
   30 L 14  5    0.976    0.000    0.024 0.95 H
   31 G 14  4    0.960    0.006    0.034 0.93 H
   32 T 14  5    0.991    0.000    0.009 0.98 H
   33 V 15  5    0.998    0.000    0.002 1.00 H
   34 M 15  5    0.995    0.000    0.005 0.99 H
   35 R 15  5    0.984    0.000    0.016 0.97 H
   36 S 15  5    0.852    0.000    0.148 0.70 H
   37 L 14  5    0.281    0.000    0.719 0.44 L
   38 G 14  4    0.026    0.014    0.960 0.93 L
   39 Q 13  5    0.003    0.049    0.947 0.90 L
   40 N 10  4    0.000    0.043    0.957 0.91 L
   41 P 10  1    0.054    0.017    0.929 0.88 L
   42 T 11  5    0.000    0.000    1.000 1.00 L
   43 E 15  5    0.831    0.019    0.150 0.68 H
   44 A 14  5    0.985    0.000    0.015 0.97 H
   45 E  9  4    0.988    0.000    0.012 0.98 H
   46 L  9  0    0.998    0.000    0.002 1.00 H
   47 Q 10  5    0.989    0.000    0.011 0.98 H
   48 D 15  5    0.989    0.001    0.010 0.98 H
   49 M 15  5    0.993    0.000    0.007 0.99 H
   50 I 15  5    0.986    0.000    0.014 0.97 H
   51 N 15  5    0.937    0.000    0.063 0.87 H
   52 E 15  5    0.759    0.000    0.241 0.52 H
   53 V 15  5    0.336    0.007    0.658 0.32 L
   54 D 15  5    0.042    0.066    0.892 0.83 L
   55 A 15  5    0.017    0.044    0.939 0.90 L
   56 D 14  5    0.008    0.022    0.970 0.95 L
   57 G 14  4    0.013    0.021    0.966 0.94 L
   58 D 13  5    0.005    0.023    0.971 0.95 L
   59 G 14  4    0.003    0.116    0.881 0.76 L
   60 T 14  5    0.000    0.636    0.364 0.27 E
   61 I 15  5    0.000    0.810    0.190 0.62 E
   62 D 13  5    0.000    0.217    0.783 0.57 L
   63 F  9  3    0.917    0.032    0.051 0.87 H
   64 P  9  1    0.969    0.007    0.024 0.95 H
   65 E 11  5    0.979    0.000    0.021 0.96 H
   66 F 15  5    0.993    0.000    0.006 0.99 H
   67 L 15  5    0.992    0.001    0.007 0.98 H
   68 T 15  5    0.992    0.000    0.008 0.98 H
   69 M 15  5    0.989    0.000    0.011 0.98 H
   70 M 15  5    0.981    0.001    0.018 0.96 H
   71 A 15  5    0.972    0.000    0.028 0.94 H
   72 R 15  5    0.885    0.000    0.115 0.77 H
   73 K 15  5    0.693    0.000    0.307 0.39 H
   74 M 14  5    0.384    0.009    0.607 0.22 L
   75 K  9  4    0.069    0.008    0.923 0.85 L
   76 D  9  0    0.004    0.007    0.988 0.98 L
   77 T 10  5    0.003    0.025    0.972 0.95 L
   78 D 15  5    0.005    0.071    0.924 0.85 L
   79 S 15  5    0.217    0.054    0.729 0.51 L
   80 E 15  5    0.923    0.000    0.077 0.85 H
   81 E 15  5    0.995    0.000    0.005 0.99 H
   82 E 15  5    0.996    0.001    0.003 0.99 H
   83 I 15  5    0.997    0.000    0.003 0.99 H
   84 R 15  5    0.995    0.000    0.004 0.99 H
   85 E 15  5    0.990    0.001    0.008 0.98 H
   86 A 15  5    0.993    0.000    0.007 0.99 H
   87 F 15  5    0.992    0.000    0.008 0.98 H
   88 R 15  5    0.982    0.001    0.017 0.96 H
   89 V 15  5    0.969    0.000    0.031 0.94 H
   90 F 15  5    0.792    0.000    0.208 0.58 H
   91 D 15  5    0.210    0.001    0.790 0.58 L
   92 K 15  5    0.056    0.023    0.921 0.87 L
   93 D 14  5    0.029    0.017    0.954 0.92 L
   94 G 14  4    0.015    0.019    0.965 0.95 L
   95 N 13  5    0.006    0.045    0.949 0.90 L
   96 G 14  4    0.000    0.323    0.677 0.35 L
   97 Y 14  5    0.000    0.825    0.175 0.65 E
   98 I 15  5    0.000    0.934    0.066 0.87 E
   99 S 15  5    0.017    0.626    0.356 0.27 E
  100 A 15  5    0.885    0.050    0.066 0.82 H
  101 A 15  5    0.985    0.000    0.015 0.97 H
  102 E 15  5    0.993    0.001    0.005 0.99 H
  103 L 15  5    0.999    0.000    0.001 1.00 H
  104 R 15  5    0.994    0.003    0.002 0.99 H
  105 H 15  5    0.996    0.000    0.004 0.99 H
  106 V 15  5    0.994    0.000    0.006 0.99 H
  107 M 15  5    0.984    0.000    0.016 0.97 H
  108 T 15  5    0.972    0.000    0.028 0.94 H
  109 N 15  5    0.824    0.000    0.176 0.65 H
  110 L 14  5    0.260    0.000    0.740 0.48 L
  111 G 14  4    0.023    0.036    0.941 0.90 L
  112 E 14  5    0.003    0.175    0.822 0.65 L
  113 K 15  5    0.000    0.691    0.309 0.38 E
  114 L 15  5    0.001    0.698    0.301 0.40 E
  115 T 15  5    0.013    0.145    0.841 0.70 L
  116 D 15  5    0.867    0.018    0.115 0.75 H
  117 E 15  5    0.991    0.000    0.009 0.98 H
  118 E 15  5    0.997    0.001    0.002 1.00 H
  119 V 15  5    0.997    0.000    0.003 0.99 H
  120 D 15  5    0.992    0.001    0.006 0.99 H
  121 E 15  5    0.997    0.000    0.003 0.99 H
  122 M 15  5    0.998    0.000    0.002 1.00 H
  123 I 15  5    0.993    0.000    0.007 0.99 H
  124 R 15  5    0.966    0.000    0.034 0.93 H
  125 E 15  5    0.821    0.000    0.179 0.64 H
  126 A 15  5    0.380    0.006    0.615 0.23 L
  127 D 15  5    0.065    0.062    0.873 0.81 L
  128 I 15  5    0.076    0.080    0.844 0.76 L
  129 D 14  5    0.063    0.029    0.908 0.84 L
  130 G 14  4    0.047    0.026    0.927 0.88 L
  131 D 13  5    0.017    0.020    0.963 0.94 L
  132 G 14  4    0.001    0.168    0.831 0.66 L
  133 Q 14  5    0.000    0.779    0.221 0.56 E
  134 V 15  5    0.000    0.948    0.052 0.90 E
  135 N 15  5    0.026    0.664    0.310 0.35 E
  136 Y 15  5    0.923    0.042    0.035 0.88 H
  137 E 15  5    0.992    0.000    0.008 0.98 H
  138 E 15  5    0.989    0.003    0.008 0.98 H
  139 F 15  5    0.996    0.001    0.003 0.99 H
  140 V 15  5    0.999    0.000    0.001 1.00 H
  141 Q 15  5    0.990    0.000    0.010 0.98 H
  142 M 15  5    0.903    0.000    0.097 0.81 H
  143 M 15  5    0.517    0.000    0.483 0.03 H
  144 T 15  5    0.127    0.016    0.858 0.73 L
  145 A 14  5    0.057    0.052    0.892 0.83 L
  146 K  9  4    0.333    0.333    0.333 0.00 L
