# PSIPRED VFORMAT (PSIPRED V2.6 by David Jones)

   1 T C   0.428  0.253  0.320
   2 S C   0.445  0.283  0.272
   3 S H   0.369  0.410  0.221
   4 E H   0.315  0.470  0.215
   5 L H   0.317  0.445  0.238
   6 A H   0.286  0.463  0.251
   7 K H   0.242  0.493  0.265
   8 K H   0.225  0.461  0.314
   9 S H   0.230  0.484  0.286
  10 K H   0.191  0.482  0.327
  11 E H   0.158  0.508  0.334
  12 V H   0.128  0.526  0.346
  13 F H   0.171  0.497  0.332
  14 R H   0.143  0.484  0.373
  15 K H   0.146  0.532  0.322
  16 E H   0.221  0.461  0.318
  17 M H   0.271  0.441  0.287
  18 S H   0.260  0.437  0.303
  19 Q H   0.196  0.467  0.337
  20 F H   0.173  0.463  0.364
  21 I H   0.149  0.465  0.386
  22 V H   0.143  0.458  0.399
  23 Q E   0.189  0.401  0.410
  24 C E   0.259  0.297  0.445
  25 L C   0.388  0.288  0.324
  26 N C   0.522  0.242  0.236
  27 P C   0.455  0.291  0.254
  28 Y C   0.502  0.187  0.311
  29 R C   0.498  0.192  0.311
  30 K C   0.578  0.214  0.208
  31 P C   0.523  0.242  0.235
  32 D C   0.537  0.231  0.232
  33 C C   0.452  0.273  0.275
  34 K C   0.388  0.268  0.344
  35 V E   0.378  0.235  0.387
  36 G E   0.396  0.186  0.418
  37 R E   0.370  0.174  0.455
  38 I E   0.294  0.173  0.533
  39 T E   0.338  0.191  0.471
  40 T C   0.391  0.250  0.359
  41 T H   0.321  0.425  0.254
  42 E H   0.316  0.475  0.210
  43 D H   0.270  0.526  0.204
  44 F H   0.190  0.560  0.250
  45 K H   0.139  0.614  0.248
  46 H H   0.126  0.602  0.272
  47 L H   0.127  0.623  0.251
  48 A H   0.166  0.552  0.283
  49 R H   0.198  0.534  0.268
  50 K H   0.203  0.526  0.270
  51 L H   0.252  0.484  0.263
  52 T H   0.278  0.433  0.290
  53 H H   0.231  0.488  0.280
  54 G H   0.257  0.436  0.307
  55 V H   0.213  0.428  0.359
  56 M H   0.172  0.509  0.318
  57 N H   0.170  0.511  0.319
  58 K H   0.181  0.555  0.264
  59 E H   0.178  0.560  0.261
  60 L H   0.210  0.490  0.300
  61 K H   0.270  0.369  0.362
  62 Y E   0.338  0.255  0.408
  63 C C   0.422  0.228  0.350
  64 K C   0.512  0.197  0.290
  65 N C   0.585  0.211  0.204
  66 P C   0.564  0.184  0.252
  67 E C   0.501  0.205  0.294
  68 D E   0.363  0.272  0.365
  69 L E   0.269  0.333  0.399
  70 E E   0.245  0.325  0.430
  71 C E   0.308  0.299  0.393
  72 N C   0.425  0.287  0.288
  73 E C   0.427  0.375  0.198
  74 N C   0.493  0.292  0.215
  75 V C   0.383  0.325  0.291
  76 K H   0.271  0.416  0.312
  77 H H   0.261  0.456  0.283
  78 K H   0.245  0.390  0.365
  79 T H   0.196  0.446  0.358
  80 K H   0.150  0.518  0.332
  81 E H   0.123  0.511  0.366
  82 Y H   0.158  0.504  0.338
  83 I H   0.172  0.505  0.323
  84 K H   0.156  0.557  0.287
  85 K H   0.171  0.542  0.287
  86 Y H   0.180  0.515  0.305
  87 M H   0.177  0.526  0.297
  88 Q H   0.230  0.431  0.339
  89 K H   0.325  0.411  0.264
  90 F C   0.482  0.307  0.211
  91 G C   0.608  0.236  0.156
  92 A C   0.559  0.269  0.172
