REMARK  Neural network secondary structure prediction for 2a7o.tab
REMARK     H-Helix    E-Strand   L-Coil 

DATA FIRST_RESID 1

DATA SEQUENCE     TSSELAKKSK EVFRKEMSQF IVQCLNPYRK PDCKVGRITT TEDFKHLARK 
DATA PREDICTED_SS LLLHHHHHHH HHHHHHHHHH HHHHHHHHLL LLLLLLLLLL HHHHHHHHHH 
DATA CONFIDENCE   0757999999 9999999999 9999768539 9995175268 7999999999 


DATA SEQUENCE     LTHGVMNKEL KYCKNPEDLE CNENVKHKTK EYIKKYMQKF GA
DATA PREDICTED_SS HHHHHHHHHH HHLLLLHHLE LLHHHHHHHH HHHHHHHLHH LL
DATA CONFIDENCE   9999999999 8479945461 3879999999 9999995042 40

VARS RESID RESNAME CS_CNT CS_CNT_R2 Q_H Q_E Q_L CONFIDENCE SS_CLASS
FORMAT %4d %1s %2d %2d %8.3f %8.3f %8.3f %4.2f %s

    1 T 10  5    0.333    0.333    0.333 0.00 L
    2 S 15  5    0.129    0.001    0.869 0.74 L
    3 S 15  5    0.192    0.050    0.758 0.57 L
    4 E 15  5    0.883    0.005    0.113 0.77 H
    5 L 15  5    0.988    0.000    0.012 0.98 H
    6 A 14  5    0.993    0.000    0.007 0.99 H
    7 K 14  4    0.990    0.001    0.008 0.98 H
    8 K 14  5    0.990    0.001    0.009 0.98 H
    9 S 15  5    0.994    0.000    0.006 0.99 H
   10 K 15  5    0.994    0.001    0.005 0.99 H
   11 E 15  5    0.996    0.002    0.002 0.99 H
   12 V 15  5    0.998    0.001    0.000 1.00 H
   13 F 15  5    0.995    0.001    0.005 0.99 H
   14 R 15  5    0.994    0.000    0.006 0.99 H
   15 K 15  5    0.993    0.000    0.007 0.99 H
   16 E 15  5    0.985    0.001    0.014 0.97 H
   17 M 15  5    0.987    0.001    0.012 0.97 H
   18 S 15  5    0.995    0.000    0.005 0.99 H
   19 Q 15  5    0.994    0.002    0.004 0.99 H
   20 F 15  5    0.996    0.001    0.003 0.99 H
   21 I 15  5    0.997    0.001    0.002 1.00 H
   22 V 15  5    0.996    0.001    0.004 0.99 H
   23 Q 15  5    0.992    0.001    0.008 0.98 H
   24 C 15  5    0.980    0.000    0.020 0.96 H
   25 L 15  5    0.879    0.000    0.121 0.76 H
   26 N 13  5    0.819    0.001    0.179 0.64 H
   27 P 13  3    0.908    0.000    0.092 0.82 H
   28 Y 13  5    0.800    0.000    0.200 0.60 H
   29 R 15  5    0.300    0.006    0.693 0.39 L
   30 K 13  5    0.035    0.004    0.961 0.93 L
   31 P 13  3    0.018    0.026    0.955 0.93 L
   32 D 13  5    0.035    0.022    0.943 0.91 L
   33 C 15  5    0.021    0.035    0.944 0.91 L
   34 K 15  5    0.000    0.240    0.760 0.52 L
   35 V 14  5    0.000    0.419    0.581 0.16 L
   36 G 14  4    0.035    0.131    0.834 0.70 L
   37 R 14  5    0.037    0.199    0.764 0.57 L
   38 I 15  5    0.000    0.386    0.614 0.23 L
   39 T 15  5    0.007    0.174    0.819 0.65 L
   40 T 13  5    0.024    0.048    0.928 0.88 L
   41 T 13  3    0.877    0.016    0.107 0.77 H
   42 E 13  5    0.990    0.000    0.009 0.98 H
   43 D 15  5    0.996    0.002    0.002 0.99 H
   44 F 15  5    0.995    0.001    0.004 0.99 H
   45 K 15  5    0.994    0.001    0.005 0.99 H
   46 H 15  5    0.995    0.001    0.004 0.99 H
   47 L 15  5    0.994    0.001    0.004 0.99 H
   48 A 15  5    0.996    0.000    0.004 0.99 H
   49 R 14  5    0.993    0.002    0.005 0.99 H
   50 K 14  4    0.992    0.002    0.006 0.99 H
   51 L 14  5    0.988    0.002    0.010 0.98 H
   52 T 15  5    0.994    0.000    0.006 0.99 H
   53 H 14  5    0.990    0.000    0.010 0.98 H
   54 G 14  4    0.982    0.006    0.011 0.97 H
   55 V 14  5    0.994    0.000    0.006 0.99 H
   56 M 15  5    0.994    0.000    0.006 0.99 H
   57 N 14  5    0.990    0.000    0.010 0.98 H
   58 K 14  4    0.985    0.003    0.013 0.97 H
   59 E 14  5    0.989    0.000    0.011 0.98 H
   60 L 15  5    0.981    0.000    0.019 0.96 H
   61 K 15  5    0.935    0.000    0.065 0.87 H
   62 Y 15  5    0.722    0.000    0.278 0.44 H
   63 C 15  5    0.142    0.000    0.858 0.72 L
   64 K 15  5    0.007    0.014    0.978 0.96 L
   65 N 13  5    0.002    0.023    0.975 0.95 L
   66 P 13  3    0.225    0.060    0.715 0.49 L
   67 E 13  5    0.792    0.008    0.200 0.59 H
   68 D 15  5    0.721    0.000    0.279 0.44 H
   69 L 15  5    0.185    0.020    0.795 0.61 L
   70 E 15  5    0.000    0.551    0.449 0.10 E
   71 C 15  5    0.014    0.294    0.692 0.40 L
   72 N 15  5    0.015    0.052    0.934 0.88 L
   73 E 15  5    0.854    0.017    0.128 0.73 H
   74 N 15  5    0.994    0.000    0.006 0.99 H
   75 V 15  5    0.996    0.002    0.003 0.99 H
   76 K 15  5    0.996    0.001    0.003 0.99 H
   77 H 15  5    0.995    0.000    0.005 0.99 H
   78 K 15  5    0.985    0.003    0.012 0.97 H
   79 T 15  5    0.994    0.000    0.006 0.99 H
   80 K 15  5    0.994    0.001    0.005 0.99 H
   81 E 15  5    0.993    0.003    0.004 0.99 H
   82 Y 15  5    0.997    0.000    0.002 0.99 H
   83 I 15  5    0.997    0.000    0.003 0.99 H
   84 K 15  5    0.990    0.000    0.010 0.98 H
   85 K 15  5    0.983    0.001    0.015 0.97 H
   86 Y 15  5    0.961    0.000    0.039 0.92 H
   87 M 15  5    0.764    0.000    0.236 0.53 H
   88 Q 15  5    0.454    0.000    0.546 0.09 L
   89 K 15  5    0.702    0.018    0.280 0.42 H
   90 F 14  5    0.630    0.003    0.367 0.26 H
   91 G 14  4    0.245    0.010    0.745 0.50 L
   92 A  9  5    0.333    0.333    0.333 0.00 L
