REMARK  Neural network secondary structure prediction for 2k5u.tab
REMARK     H-Helix    E-Strand   L-Coil 

DATA FIRST_RESID 1

DATA SEQUENCE     NKEMRILMVG LDGAGKTTVL YKLKLGEVIT TIPTIGFNVE TVQYKNISFT 
DATA PREDICTED_SS LLLLEEEEEE LLLLLHHHHH HHLLLLEEEE ELLLLLEEEE EEEEELLEEE 
DATA CONFIDENCE   0871799984 6989769999 9716764788 6488306889 9875171688 

DATA SEQUENCE     VWDVGGQDRI RSLWRHYYRN TEGVIFVVDS NDRSRIGEAR EVMQRMLNED 
DATA PREDICTED_SS EELELLLLHL XXHHHXXELL LLEEEEEEEL LLHHHLLHHH HHHHHHHLLH 
DATA CONFIDENCE   7411484050 0076300517 8808999728 9857351899 9999997154 

DATA SEQUENCE     ELRNAAWLVF ANKQDLPEAM SAAEITEKLG LHSIRNRPWF IQATCATSGE 
DATA PREDICTED_SS HHLLLLEEEE ELLLLLLLLL LHHHHHHHHH HHHLLLLLEE EEEEELLLLL 
DATA CONFIDENCE   5257877999 4687488779 7899999830 6745999638 9977566688 


DATA SEQUENCE     GLYEGLEWLS NSLKNS
DATA PREDICTED_SS HHHHHHHHHH HHHHLL
DATA CONFIDENCE   6999999999 998430

VARS RESID RESNAME CS_CNT CS_CNT_R2 Q_H Q_E Q_L CONFIDENCE SS_CLASS
FORMAT %4d %1s %2d %2d %8.3f %8.3f %8.3f %4.2f %s

    1 N  9  3    0.333    0.333    0.333 0.00 L
    2 K 14  6    0.050    0.068    0.882 0.81 L
    3 E 14  5    0.000    0.140    0.860 0.72 L
    4 M 12  3    0.000    0.409    0.591 0.18 L
    5 R 10  4    0.000    0.886    0.114 0.77 E
    6 I 11  3    0.001    0.982    0.017 0.97 E
    7 L 11  4    0.001    0.988    0.011 0.98 E
    8 M 13  4    0.000    0.966    0.034 0.93 E
    9 V 13  5    0.000    0.914    0.086 0.83 E
   10 G 14  4    0.000    0.731    0.269 0.46 E
   11 L 15  5    0.020    0.181    0.799 0.62 L
   12 D 15  6    0.006    0.043    0.952 0.91 L
   13 G 16  4    0.014    0.045    0.941 0.90 L
   14 A 14  6    0.029    0.035    0.936 0.90 L
   15 G 15  4    0.114    0.053    0.833 0.72 L
   16 K 13  5    0.819    0.011    0.170 0.65 H
   17 T 13  4    0.989    0.000    0.011 0.98 H
   18 T 13  4    0.997    0.003    0.000 0.99 H
   19 V 13  5    0.996    0.001    0.002 0.99 H
   20 L 14  4    0.993    0.001    0.006 0.99 H
   21 Y 14  5    0.977    0.000    0.023 0.95 H
   22 K 15  5    0.856    0.000    0.144 0.71 H
   23 L 14  5    0.407    0.000    0.593 0.19 L
   24 K 14  4    0.153    0.035    0.812 0.66 L
   25 L 13  5    0.098    0.060    0.842 0.74 L
   26 G 14  4    0.029    0.138    0.834 0.70 L
   27 E 14  5    0.000    0.714    0.286 0.43 E
   28 V 15  5    0.000    0.899    0.101 0.80 E
   29 I 15  5    0.000    0.926    0.074 0.85 E
   30 T 15  5    0.000    0.913    0.087 0.83 E
   31 T 14  5    0.000    0.818    0.182 0.64 E
   32 I 12  4    0.000    0.277    0.723 0.45 L
   33 P 12  3    0.006    0.075    0.919 0.84 L
   34 T 14  5    0.003    0.088    0.909 0.82 L
   35 I 15  6    0.000    0.305    0.695 0.39 L
   36 G 14  4    0.000    0.476    0.524 0.05 L
   37 F 13  4    0.000    0.819    0.181 0.64 E
   38 N 14  5    0.000    0.929    0.071 0.86 E
   39 V 15  5    0.000    0.933    0.067 0.87 E
   40 E 14  5    0.000    0.953    0.047 0.91 E
   41 T 14  4    0.003    0.979    0.019 0.96 E
   42 V 15  5    0.000    0.948    0.052 0.90 E
   43 Q 14  6    0.000    0.888    0.112 0.78 E
   44 Y 10  3    0.000    0.795    0.205 0.59 E
   45 K  8  1    0.000    0.599    0.401 0.20 E
   46 N 10  4    0.072    0.103    0.825 0.72 L
   47 I 12  5    0.000    0.411    0.589 0.18 L
   48 S 13  3    0.000    0.840    0.160 0.68 E
   49 F 13  5    0.000    0.936    0.064 0.87 E
   50 T 14  5    0.000    0.929    0.071 0.86 E
   51 V 12  4    0.000    0.862    0.138 0.72 E
   52 W 12  3    0.000    0.712    0.288 0.42 E
   53 D 13  5    0.000    0.422    0.578 0.16 L
   54 V 14  5    0.000    0.587    0.413 0.17 E
   55 G 13  4    0.014    0.280    0.706 0.43 L
   56 G 12  4    0.025    0.068    0.908 0.84 L
   57 Q 10  4    0.239    0.039    0.722 0.48 L
   58 D  9  2    0.466    0.017    0.517 0.05 L
   59 R  8  3    0.781    0.009    0.210 0.57 H
   60 I  6  3    0.452    0.000    0.548 0.10 L
   61 R  3  0    0.000    0.000    0.000 0.00 X
   62 S  4  0    0.000    0.000    0.000 0.00 X
   63 L  8  4    0.871    0.000    0.129 0.74 H
   64 W 11  4    0.802    0.000    0.198 0.60 H
   65 R  7  3    0.671    0.000    0.329 0.34 H
   66 H  4  0    0.000    0.000    0.000 0.00 X
   67 Y  6  1    0.000    0.000    0.000 0.00 X
   68 Y 10  5    0.000    0.780    0.220 0.56 E
   69 R 13  4    0.035    0.429    0.535 0.11 L
   70 N 13  4    0.089    0.087    0.824 0.73 L
   71 T 14  5    0.082    0.028    0.889 0.81 L
   72 E 13  5    0.053    0.056    0.890 0.83 L
   73 G 13  3    0.000    0.524    0.476 0.05 E
   74 V 13  5    0.000    0.939    0.061 0.88 E
   75 I 15  5    0.000    0.976    0.024 0.95 E
   76 F 15  5    0.000    0.958    0.042 0.92 E
   77 V 16  5    0.000    0.960    0.040 0.92 E
   78 V 17  6    0.000    0.882    0.118 0.76 E
   79 D 17  6    0.004    0.611    0.385 0.23 E
   80 S 17  5    0.010    0.070    0.920 0.85 L
   81 N 17  6    0.000    0.038    0.962 0.92 L
   82 D 17  6    0.036    0.055    0.909 0.85 L
   83 R 16  5    0.748    0.032    0.220 0.53 H
   84 S 16  5    0.891    0.000    0.109 0.78 H
   85 R 16  6    0.692    0.007    0.301 0.39 H
   86 I 16  5    0.195    0.014    0.791 0.60 L
   87 G 16  5    0.420    0.033    0.547 0.13 L
   88 E 16  6    0.923    0.000    0.077 0.85 H
   89 A 16  5    0.994    0.000    0.006 0.99 H
   90 R 15  5    0.996    0.001    0.003 0.99 H
   91 E 15  5    0.996    0.001    0.004 0.99 H
   92 V 15  5    0.996    0.001    0.003 0.99 H
   93 M 15  5    0.996    0.000    0.004 0.99 H
   94 Q 15  5    0.993    0.001    0.006 0.99 H
   95 R 14  5    0.998    0.000    0.002 1.00 H
   96 M 14  4    0.988    0.000    0.012 0.98 H
   97 L 15  5    0.866    0.000    0.134 0.73 H
   98 N 17  6    0.401    0.000    0.599 0.20 L
   99 E 17  6    0.189    0.031    0.780 0.59 L
  100 D 16  5    0.703    0.033    0.264 0.44 H
  101 E 16  5    0.788    0.000    0.212 0.58 H
  102 L 16  6    0.631    0.017    0.352 0.28 H
  103 R 16  5    0.207    0.014    0.779 0.57 L
  104 N 15  5    0.110    0.034    0.856 0.75 L
  105 A 14  5    0.049    0.019    0.933 0.88 L
  106 A 12  4    0.023    0.136    0.841 0.71 L
  107 W 12  3    0.000    0.852    0.148 0.70 E
  108 L 14  5    0.001    0.990    0.009 0.98 E
  109 V 16  6    0.008    0.992    0.000 0.98 E
  110 F 17  5    0.000    0.959    0.041 0.92 E
  111 A 16  6    0.006    0.700    0.294 0.41 E
  112 N 16  5    0.020    0.146    0.834 0.69 L
  113 K 15  5    0.061    0.051    0.887 0.83 L
  114 Q 16  5    0.115    0.039    0.846 0.73 L
  115 D 16  6    0.238    0.050    0.711 0.47 L
  116 L 14  5    0.084    0.011    0.905 0.82 L
  117 P 14  3    0.053    0.038    0.909 0.86 L
  118 E 15  6    0.126    0.046    0.828 0.70 L
  119 A 17  6    0.100    0.030    0.870 0.77 L
  120 M 17  5    0.030    0.025    0.945 0.91 L
  121 S 16  6    0.106    0.059    0.835 0.73 L
  122 A 16  5    0.907    0.008    0.085 0.82 H
  123 A 16  5    0.990    0.000    0.010 0.98 H
  124 E 16  6    0.995    0.000    0.004 0.99 H
  125 I 16  5    0.996    0.000    0.003 0.99 H
  126 T 16  5    0.993    0.000    0.007 0.99 H
  127 E 16  6    0.985    0.000    0.015 0.97 H
  128 K 17  5    0.913    0.000    0.087 0.83 H
  129 L 16  6    0.683    0.000    0.317 0.37 H
  130 G 16  5    0.533    0.006    0.461 0.07 H
  131 L 16  5    0.831    0.003    0.166 0.67 H
  132 H 17  6    0.882    0.000    0.118 0.76 H
  133 S 18  6    0.737    0.000    0.263 0.47 H
  134 I 15  6    0.232    0.004    0.764 0.53 L
  135 R 12  3    0.032    0.019    0.949 0.92 L
  136 N 10  3    0.003    0.027    0.970 0.94 L
  137 R 10  4    0.000    0.037    0.963 0.93 L
  138 P 12  3    0.000    0.166    0.834 0.67 L
  139 W 13  5    0.000    0.652    0.348 0.30 E
  140 F 15  5    0.000    0.942    0.058 0.88 E
  141 I 16  5    0.000    0.959    0.041 0.92 E
  142 Q 16  6    0.000    0.958    0.042 0.92 E
  143 A 17  5    0.000    0.897    0.103 0.79 E
  144 T 17  6    0.000    0.874    0.126 0.75 E
  145 C 17  6    0.006    0.779    0.215 0.56 E
  146 A 16  5    0.064    0.129    0.806 0.68 L
  147 T 16  5    0.155    0.036    0.809 0.65 L
  148 S 16  6    0.145    0.035    0.820 0.67 L
  149 G 16  5    0.045    0.040    0.914 0.87 L
  150 E 14  5    0.041    0.064    0.895 0.83 L
  151 G 14  4    0.817    0.024    0.159 0.66 H
  152 L 14  5    0.982    0.000    0.018 0.96 H
  153 Y 14  5    0.996    0.000    0.004 0.99 H
  154 E 13  4    0.992    0.001    0.007 0.99 H
  155 G 13  4    0.989    0.000    0.011 0.98 H
  156 L 14  5    0.984    0.004    0.012 0.97 H
  157 E 14  5    1.000    0.000    0.000 1.00 H
  158 W 14  4    0.994    0.001    0.005 0.99 H
  159 L 14  5    0.993    0.000    0.007 0.99 H
  160 S 15  5    0.975    0.000    0.025 0.95 H
  161 N 16  5    0.954    0.003    0.043 0.91 H
  162 S 16  6    0.972    0.000    0.028 0.94 H
  163 L 17  5    0.937    0.000    0.063 0.87 H
  164 K 16  6    0.747    0.000    0.253 0.49 H
  165 N 16  5    0.315    0.004    0.682 0.37 L
  166 S 10  5    0.333    0.333    0.333 0.00 L
