# PSIPRED VFORMAT (PSIPRED V2.6 by David Jones)

   1 N C   0.536  0.303  0.161
   2 K C   0.403  0.393  0.204
   3 E H   0.282  0.441  0.276
   4 M H   0.179  0.441  0.380
   5 R E   0.135  0.340  0.525
   6 I E   0.141  0.296  0.563
   7 L E   0.143  0.275  0.582
   8 M E   0.159  0.240  0.600
   9 V E   0.257  0.227  0.516
  10 G E   0.329  0.226  0.445
  11 L C   0.445  0.271  0.284
  12 D C   0.541  0.282  0.176
  13 G C   0.538  0.316  0.146
  14 A C   0.567  0.293  0.140
  15 G C   0.607  0.240  0.153
  16 K C   0.440  0.314  0.246
  17 T E   0.302  0.315  0.383
  18 T E   0.181  0.399  0.421
  19 V H   0.120  0.473  0.407
  20 L H   0.136  0.503  0.361
  21 Y H   0.136  0.517  0.347
  22 K H   0.158  0.506  0.336
  23 L H   0.253  0.469  0.277
  24 K E   0.306  0.328  0.366
  25 L C   0.430  0.285  0.284
  26 G C   0.556  0.162  0.282
  27 E E   0.416  0.154  0.430
  28 V E   0.352  0.155  0.494
  29 I E   0.241  0.166  0.593
  30 T E   0.283  0.123  0.593
  31 T E   0.306  0.148  0.545
  32 I E   0.350  0.134  0.516
  33 P E   0.397  0.172  0.431
  34 T E   0.331  0.205  0.465
  35 I E   0.365  0.236  0.398
  36 G C   0.408  0.201  0.391
  37 F C   0.450  0.186  0.365
  38 N E   0.382  0.181  0.437
  39 V E   0.298  0.214  0.488
  40 E E   0.308  0.245  0.448
  41 T E   0.198  0.299  0.503
  42 V E   0.150  0.295  0.554
  43 Q E   0.198  0.292  0.510
  44 Y E   0.242  0.231  0.526
  45 K E   0.325  0.236  0.439
  46 N E   0.394  0.206  0.400
  47 I E   0.353  0.231  0.416
  48 S E   0.372  0.209  0.419
  49 F E   0.290  0.235  0.475
  50 T E   0.249  0.175  0.576
  51 V E   0.228  0.199  0.572
  52 W E   0.272  0.169  0.559
  53 D E   0.341  0.181  0.478
  54 V E   0.355  0.266  0.379
  55 G C   0.582  0.166  0.252
  56 G C   0.661  0.168  0.171
  57 Q C   0.494  0.255  0.251
  58 D C   0.512  0.219  0.269
  59 R C   0.453  0.264  0.283
  60 I C   0.421  0.273  0.306
  61 R C   0.364  0.289  0.347
  62 S C   0.370  0.360  0.270
  63 L H   0.295  0.402  0.303
  64 W H   0.213  0.413  0.375
  65 R E   0.212  0.360  0.428
  66 H E   0.282  0.312  0.406
  67 Y E   0.300  0.275  0.425
  68 Y C   0.375  0.255  0.370
  69 R C   0.507  0.241  0.252
  70 N C   0.600  0.186  0.214
  71 T C   0.503  0.294  0.203
  72 E C   0.489  0.212  0.300
  73 G E   0.351  0.196  0.453
  74 V E   0.246  0.192  0.562
  75 I E   0.172  0.211  0.617
  76 F E   0.173  0.173  0.653
  77 V E   0.194  0.163  0.643
  78 V E   0.249  0.168  0.583
  79 D C   0.473  0.157  0.371
  80 S C   0.591  0.197  0.212
  81 N C   0.639  0.194  0.168
  82 D C   0.614  0.227  0.159
  83 R C   0.506  0.334  0.161
  84 S C   0.523  0.249  0.228
  85 R C   0.408  0.314  0.278
  86 I H   0.381  0.406  0.213
  87 G H   0.332  0.467  0.201
  88 E H   0.367  0.483  0.150
  89 A H   0.291  0.547  0.162
  90 R H   0.225  0.636  0.139
  91 E H   0.200  0.646  0.154
  92 V H   0.195  0.667  0.138
  93 M H   0.194  0.626  0.180
  94 Q H   0.198  0.565  0.237
  95 R H   0.193  0.558  0.249
  96 M H   0.220  0.556  0.224
  97 L H   0.360  0.505  0.135
  98 N C   0.440  0.413  0.147
  99 E H   0.385  0.487  0.128
 100 D H   0.380  0.511  0.109
 101 E H   0.371  0.511  0.118
 102 L H   0.333  0.534  0.134
 103 R H   0.394  0.482  0.124
 104 N H   0.330  0.516  0.154
 105 A H   0.267  0.545  0.189
 106 A H   0.203  0.455  0.342
 107 W E   0.129  0.395  0.476
 108 L E   0.115  0.379  0.506
 109 V E   0.130  0.338  0.533
 110 F E   0.191  0.347  0.461
 111 A H   0.343  0.384  0.273
 112 N C   0.523  0.315  0.162
 113 K C   0.534  0.315  0.151
 114 Q C   0.626  0.239  0.135
 115 D C   0.666  0.208  0.126
 116 L C   0.654  0.239  0.107
 117 P C   0.561  0.321  0.118
 118 E C   0.492  0.378  0.130
 119 A C   0.497  0.357  0.146
 120 M C   0.568  0.298  0.134
 121 S C   0.499  0.339  0.162
 122 A H   0.374  0.493  0.134
 123 A H   0.288  0.568  0.145
 124 E H   0.277  0.581  0.142
 125 I H   0.186  0.613  0.200
 126 T H   0.163  0.647  0.190
 127 E H   0.221  0.612  0.166
 128 K H   0.173  0.701  0.126
 129 L H   0.272  0.540  0.188
 130 G C   0.452  0.395  0.153
 131 L H   0.400  0.465  0.135
 132 H C   0.379  0.362  0.259
 133 S C   0.424  0.365  0.212
 134 I C   0.407  0.366  0.228
 135 R C   0.533  0.252  0.214
 136 N C   0.609  0.193  0.198
 137 R C   0.614  0.210  0.176
 138 P C   0.535  0.246  0.220
 139 W E   0.282  0.274  0.444
 140 F E   0.200  0.254  0.547
 141 I E   0.212  0.244  0.544
 142 Q E   0.228  0.253  0.519
 143 A E   0.233  0.262  0.505
 144 T E   0.278  0.245  0.477
 145 C E   0.338  0.205  0.458
 146 A E   0.328  0.244  0.428
 147 T C   0.411  0.186  0.403
 148 S C   0.491  0.191  0.318
 149 G C   0.535  0.234  0.230
 150 E C   0.605  0.188  0.207
 151 G C   0.509  0.175  0.316
 152 L C   0.439  0.248  0.313
 153 Y E   0.259  0.313  0.428
 154 E C   0.422  0.299  0.279
 155 G C   0.378  0.336  0.286
 156 L H   0.324  0.405  0.271
 157 E H   0.258  0.388  0.353
 158 W H   0.243  0.431  0.326
 159 L H   0.285  0.362  0.353
 160 S H   0.344  0.431  0.226
 161 N H   0.332  0.456  0.212
 162 S C   0.453  0.353  0.195
 163 L C   0.453  0.380  0.167
 164 K C   0.529  0.312  0.159
 165 N C   0.595  0.279  0.126
 166 S C   0.596  0.275  0.128
