# PSIPRED VFORMAT (PSIPRED V2.6 by David Jones)

   1 I C   0.502  0.180  0.319
   2 P C   0.459  0.222  0.319
   3 R C   0.392  0.389  0.219
   4 A H   0.294  0.465  0.240
   5 K H   0.277  0.502  0.221
   6 A H   0.213  0.583  0.204
   7 E H   0.161  0.643  0.196
   8 E H   0.124  0.615  0.261
   9 M H   0.194  0.511  0.295
  10 L H   0.276  0.487  0.237
  11 S C   0.446  0.404  0.150
  12 K C   0.512  0.348  0.140
  13 Q C   0.603  0.283  0.114
  14 R C   0.621  0.246  0.133
  15 H C   0.594  0.260  0.146
  16 D C   0.635  0.209  0.156
  17 G C   0.458  0.221  0.321
  18 A E   0.269  0.266  0.465
  19 F E   0.215  0.213  0.572
  20 L E   0.184  0.187  0.630
  21 I E   0.249  0.185  0.566
  22 R E   0.273  0.235  0.492
  23 E E   0.334  0.313  0.354
  24 S C   0.536  0.250  0.214
  25 E C   0.444  0.270  0.286
  26 S C   0.503  0.215  0.283
  27 A C   0.529  0.205  0.267
  28 P C   0.595  0.210  0.194
  29 G C   0.576  0.273  0.151
  30 D C   0.470  0.242  0.288
  31 F E   0.333  0.221  0.447
  32 S E   0.200  0.235  0.565
  33 L E   0.201  0.214  0.585
  34 S E   0.239  0.195  0.566
  35 V E   0.293  0.162  0.545
  36 K E   0.311  0.166  0.523
  37 F C   0.427  0.180  0.393
  38 G C   0.569  0.162  0.269
  39 N C   0.522  0.186  0.292
  40 D E   0.339  0.167  0.494
  41 V E   0.155  0.239  0.606
  42 Q E   0.119  0.268  0.613
  43 H E   0.111  0.278  0.611
  44 F E   0.086  0.240  0.674
  45 K E   0.114  0.218  0.667
  46 V E   0.142  0.262  0.596
  47 L E   0.161  0.264  0.575
  48 R E   0.302  0.239  0.459
  49 D C   0.496  0.249  0.255
  50 G C   0.617  0.211  0.172
  51 A C   0.599  0.196  0.205
  52 G C   0.420  0.218  0.362
  53 K E   0.242  0.186  0.572
  54 Y E   0.174  0.175  0.652
  55 F E   0.162  0.224  0.615
  56 L E   0.182  0.204  0.614
  57 W E   0.176  0.259  0.565
  58 V E   0.153  0.287  0.560
  59 V E   0.229  0.192  0.579
  60 K E   0.253  0.179  0.568
  61 F E   0.300  0.173  0.527
  62 N C   0.434  0.198  0.368
  63 S C   0.476  0.196  0.328
  64 L C   0.382  0.344  0.273
  65 N E   0.265  0.341  0.394
  66 E H   0.241  0.413  0.346
  67 L E   0.169  0.379  0.452
  68 V E   0.161  0.349  0.490
  69 D E   0.192  0.345  0.463
  70 Y E   0.264  0.360  0.376
  71 H E   0.214  0.335  0.451
  72 R E   0.233  0.330  0.437
  73 S E   0.304  0.283  0.413
  74 T C   0.399  0.282  0.319
  75 S C   0.490  0.279  0.231
  76 V C   0.489  0.264  0.246
  77 S C   0.415  0.259  0.326
  78 R E   0.278  0.317  0.405
  79 N E   0.245  0.315  0.441
  80 Q E   0.169  0.300  0.531
  81 Q E   0.153  0.288  0.559
  82 I E   0.142  0.310  0.547
  83 F E   0.139  0.304  0.557
  84 L E   0.226  0.335  0.439
  85 R H   0.330  0.346  0.324
