REMARK  Neural network secondary structure prediction for 1x0n.tab
REMARK     H-Helix    E-Strand   L-Coil 

DATA FIRST_RESID 1

DATA SEQUENCE     IPRAKAEEML SKQRHDGAFL IRESESAPGD FSLSVKFGND VQHFKVLRDG 
DATA PREDICTED_SS XLHHHHHHHH HHLLLLLLEE EEELLLLLLL EEEEEEELLL EEEEEEEELL 
DATA CONFIDENCE   0479999999 8368998178 9965889994 6999996592 5788763169 


DATA SEQUENCE     AGKYFLWVVK FNSLNELVDY HRSTSVSRNQ QIFLR
DATA PREDICTED_SS LLLEEXXHLE ELLHHHHHHH HHLLLLLLLL LEELL
DATA CONFIDENCE   9946900352 5178999999 9178986888 64640

VARS RESID RESNAME CS_CNT CS_CNT_R2 Q_H Q_E Q_L CONFIDENCE SS_CLASS
FORMAT %4d %1s %2d %2d %8.3f %8.3f %8.3f %4.2f %s

    1 I  7  5    0.333    0.333    0.333 0.00 X
    2 P 12  2    0.280    0.033    0.687 0.41 L
    3 R 12  5    0.892    0.000    0.108 0.78 H
    4 A 15  5    0.983    0.000    0.017 0.97 H
    5 K 15  5    0.975    0.002    0.023 0.95 H
    6 A 15  5    0.992    0.000    0.008 0.98 H
    7 E 15  5    0.994    0.001    0.005 0.99 H
    8 E 15  5    0.996    0.001    0.003 0.99 H
    9 M 15  5    0.993    0.000    0.007 0.99 H
   10 L 15  5    0.982    0.000    0.018 0.96 H
   11 S 15  5    0.928    0.000    0.072 0.86 H
   12 K 15  5    0.697    0.000    0.303 0.39 H
   13 Q 15  5    0.167    0.002    0.831 0.66 L
   14 R 15  5    0.053    0.031    0.916 0.86 L
   15 H 14  5    0.023    0.030    0.948 0.92 L
   16 D 13  4    0.001    0.029    0.970 0.94 L
   17 G 13  4    0.019    0.077    0.904 0.83 L
   18 A 13  5    0.000    0.448    0.552 0.10 L
   19 F 13  4    0.000    0.862    0.138 0.72 E
   20 L 13  4    0.000    0.944    0.056 0.89 E
   21 I 13  5    0.000    0.981    0.019 0.96 E
   22 R 13  4    0.000    0.964    0.036 0.93 E
   23 E 13  4    0.000    0.836    0.164 0.67 E
   24 S 14  5    0.009    0.215    0.776 0.56 L
   25 E 15  5    0.061    0.053    0.885 0.82 L
   26 S 14  5    0.050    0.030    0.920 0.87 L
   27 A 12  4    0.007    0.014    0.980 0.97 L
   28 P 11  3    0.000    0.014    0.986 0.97 L
   29 G 11  4    0.000    0.031    0.969 0.94 L
   30 D 13  4    0.000    0.271    0.729 0.46 L
   31 F 14  5    0.000    0.843    0.157 0.69 E
   32 S 15  5    0.000    0.974    0.026 0.95 E
   33 L 15  5    0.004    0.988    0.008 0.98 E
   34 S 15  5    0.006    0.988    0.006 0.98 E
   35 V 15  5    0.002    0.980    0.018 0.96 E
   36 K 15  5    0.000    0.978    0.022 0.96 E
   37 F 14  5    0.005    0.830    0.165 0.67 E
   38 G 13  4    0.005    0.201    0.794 0.59 L
   39 N 13  4    0.000    0.043    0.957 0.91 L
   40 D 14  5    0.000    0.359    0.641 0.28 L
   41 V 14  5    0.000    0.791    0.209 0.58 E
   42 Q 14  4    0.000    0.894    0.106 0.79 E
   43 H 13  5    0.000    0.918    0.082 0.84 E
   44 F 14  4    0.000    0.925    0.075 0.85 E
   45 K 14  5    0.000    0.895    0.105 0.79 E
   46 V 15  5    0.000    0.809    0.191 0.62 E
   47 L 15  5    0.000    0.690    0.310 0.38 E
   48 R 15  5    0.000    0.592    0.408 0.18 E
   49 D 14  5    0.012    0.155    0.833 0.68 L
   50 G 14  4    0.008    0.039    0.953 0.91 L
   51 A 13  5    0.009    0.035    0.956 0.92 L
   52 G 13  4    0.000    0.048    0.952 0.90 L
   53 K 13  4    0.000    0.284    0.716 0.43 L
   54 Y 13  5    0.000    0.833    0.167 0.67 E
   55 F 10  4    0.000    0.979    0.021 0.96 E
   56 L  6  1    0.000    0.000    0.000 0.00 X
   57 W  7  1    0.000    0.000    0.000 0.00 X
   58 V 11  5    0.599    0.194    0.207 0.39 H
   59 V 14  5    0.169    0.141    0.690 0.52 L
   60 K 13  4    0.000    0.600    0.400 0.20 E
   61 F 12  4    0.000    0.796    0.204 0.59 E
   62 N 12  4    0.004    0.408    0.588 0.18 L
   63 S 12  4    0.098    0.078    0.824 0.73 L
   64 L 13  4    0.912    0.005    0.083 0.83 H
   65 N 14  5    0.996    0.000    0.004 0.99 H
   66 E 14  5    0.995    0.001    0.004 0.99 H
   67 L 12  4    0.996    0.000    0.004 0.99 H
   68 V 12  3    0.996    0.000    0.004 0.99 H
   69 D 12  5    0.989    0.000    0.011 0.98 H
   70 Y 10  4    0.975    0.000    0.025 0.95 H
   71 H 10  1    0.955    0.000    0.045 0.91 H
   72 R 10  5    0.570    0.000    0.430 0.14 H
   73 S 13  4    0.097    0.021    0.882 0.79 L
   74 T 10  4    0.039    0.038    0.924 0.88 L
   75 S 10  2    0.024    0.010    0.966 0.94 L
   76 V  9  4    0.030    0.076    0.893 0.82 L
   77 S  9  3    0.050    0.154    0.796 0.64 L
   78 R  9  2    0.041    0.028    0.931 0.89 L
   79 N 11  4    0.066    0.012    0.922 0.86 L
   80 Q 14  5    0.008    0.067    0.925 0.86 L
   81 Q 15  5    0.000    0.198    0.802 0.60 L
   82 I 14  5    0.000    0.723    0.277 0.45 E
   83 F 14  4    0.013    0.825    0.162 0.66 E
   84 L 14  5    0.025    0.279    0.696 0.42 L
   85 R 10  5    0.333    0.333    0.333 0.00 L
