REMARK  Neural network secondary structure prediction for 2ae9.tab
REMARK     H-Helix    E-Strand   L-Coil 

DATA FIRST_RESID 1

DATA SEQUENCE     QTEMDKVNVD LAAAGVAFKE RYNMPVIAEA VEREQPEHLR SWFRERLIAH 
DATA PREDICTED_SS LHHHHHHHHH HHHHHHHHHH HHLLLEEHHH HHHLLLHHHH HHHHHHHHHH 
DATA CONFIDENCE   0999999999 9999999999 8379535699 9960883579 9999989999 


DATA SEQUENCE     RLASV
DATA PREDICTED_SS HHHHL
DATA CONFIDENCE   99980

VARS RESID RESNAME CS_CNT CS_CNT_R2 Q_H Q_E Q_L CONFIDENCE SS_CLASS
FORMAT %4d %1s %2d %2d %8.3f %8.3f %8.3f %4.2f %s

    1 Q 11  5    0.333    0.333    0.333 0.00 L
    2 T 17  6    0.972    0.000    0.028 0.94 H
    3 E 18  6    0.988    0.000    0.012 0.98 H
    4 M 18  6    0.990    0.001    0.009 0.98 H
    5 D 18  6    0.997    0.000    0.003 0.99 H
    6 K 18  6    0.996    0.001    0.003 0.99 H
    7 V 18  6    0.996    0.001    0.003 0.99 H
    8 N 18  6    0.989    0.002    0.009 0.98 H
    9 V 18  6    0.993    0.001    0.007 0.99 H
   10 D 18  6    0.993    0.001    0.006 0.99 H
   11 L 18  6    0.994    0.000    0.006 0.99 H
   12 A 18  6    0.991    0.000    0.009 0.98 H
   13 A 18  6    0.986    0.000    0.014 0.97 H
   14 A 17  6    0.970    0.000    0.030 0.94 H
   15 G 17  5    0.969    0.002    0.028 0.94 H
   16 V 17  6    0.990    0.000    0.010 0.98 H
   17 A 18  6    0.990    0.003    0.008 0.98 H
   18 F 18  6    0.996    0.000    0.004 0.99 H
   19 K 18  6    0.994    0.000    0.006 0.99 H
   20 E 18  6    0.977    0.000    0.023 0.95 H
   21 R 18  6    0.903    0.000    0.097 0.81 H
   22 Y 17  6    0.684    0.000    0.316 0.37 H
   23 N 16  5    0.131    0.000    0.869 0.74 L
   24 M 14  5    0.004    0.023    0.974 0.95 L
   25 P 15  4    0.000    0.223    0.777 0.55 L
   26 V 16  6    0.000    0.684    0.316 0.37 E
   27 I 18  6    0.022    0.767    0.211 0.56 E
   28 A 18  6    0.795    0.075    0.130 0.66 H
   29 E 18  6    0.979    0.000    0.021 0.96 H
   30 A 18  6    0.993    0.000    0.007 0.99 H
   31 V 17  6    0.994    0.001    0.006 0.99 H
   32 E 17  5    0.966    0.000    0.034 0.93 H
   33 R 17  6    0.803    0.000    0.197 0.61 H
   34 E 17  6    0.470    0.000    0.530 0.06 L
   35 Q 15  5    0.073    0.000    0.927 0.85 L
   36 P 15  4    0.068    0.048    0.884 0.82 L
   37 E 16  6    0.638    0.046    0.315 0.32 H
   38 H 18  6    0.780    0.009    0.210 0.57 H
   39 L 18  6    0.869    0.010    0.121 0.75 H
   40 R 18  6    0.976    0.000    0.024 0.95 H
   41 S 18  6    0.989    0.000    0.011 0.98 H
   42 W 17  6    0.994    0.002    0.004 0.99 H
   43 F 17  5    0.999    0.000    0.001 1.00 H
   44 R 17  6    0.992    0.000    0.008 0.98 H
   45 E 17  6    0.954    0.000    0.046 0.91 H
   46 R 17  5    0.914    0.008    0.078 0.84 H
   47 L 17  6    0.980    0.000    0.020 0.96 H
   48 I 18  6    0.996    0.000    0.004 0.99 H
   49 A 18  6    0.994    0.001    0.005 0.99 H
   50 H 17  6    0.993    0.002    0.005 0.99 H
   51 R 16  5    0.993    0.000    0.007 0.99 H
   52 L 16  5    0.985    0.001    0.014 0.97 H
   53 A 17  6    0.969    0.000    0.031 0.94 H
   54 S 18  6    0.935    0.000    0.065 0.87 H
   55 V 12  6    0.333    0.333    0.333 0.00 L
