# PSIPRED VFORMAT (PSIPRED V2.6 by David Jones)

   1 Q C   0.446  0.417  0.137
   2 T C   0.432  0.411  0.157
   3 E C   0.458  0.396  0.146
   4 M H   0.404  0.429  0.168
   5 D H   0.386  0.394  0.220
   6 K H   0.344  0.414  0.241
   7 V H   0.284  0.468  0.248
   8 N H   0.256  0.466  0.278
   9 V H   0.210  0.551  0.239
  10 D H   0.208  0.606  0.186
  11 L H   0.188  0.630  0.182
  12 A H   0.171  0.666  0.163
  13 A H   0.201  0.624  0.175
  14 A H   0.274  0.575  0.151
  15 G H   0.305  0.546  0.149
  16 V H   0.228  0.571  0.202
  17 A H   0.212  0.578  0.209
  18 F H   0.237  0.558  0.205
  19 K H   0.201  0.608  0.191
  20 E H   0.264  0.575  0.162
  21 R H   0.309  0.524  0.166
  22 Y C   0.486  0.348  0.166
  23 N C   0.542  0.293  0.165
  24 M C   0.534  0.332  0.134
  25 P C   0.440  0.380  0.180
  26 V H   0.309  0.465  0.225
  27 I H   0.242  0.501  0.258
  28 A H   0.191  0.594  0.215
  29 E H   0.193  0.620  0.187
  30 A H   0.186  0.654  0.160
  31 V H   0.214  0.600  0.186
  32 E H   0.266  0.584  0.150
  33 R H   0.335  0.540  0.126
  34 E C   0.455  0.407  0.138
  35 Q C   0.569  0.298  0.134
  36 P H   0.437  0.462  0.101
  37 E H   0.312  0.602  0.085
  38 H H   0.275  0.621  0.104
  39 L H   0.300  0.583  0.116
  40 R H   0.293  0.574  0.133
  41 S H   0.282  0.591  0.127
  42 W H   0.282  0.591  0.127
  43 F H   0.243  0.600  0.157
  44 R H   0.205  0.629  0.166
  45 E H   0.210  0.618  0.171
  46 R H   0.222  0.563  0.215
  47 L H   0.177  0.592  0.231
  48 I H   0.161  0.571  0.269
  49 A H   0.185  0.580  0.235
  50 H H   0.210  0.564  0.226
  51 R H   0.253  0.564  0.183
  52 L H   0.266  0.551  0.183
  53 A H   0.301  0.514  0.185
  54 S H   0.355  0.415  0.231
  55 V H   0.372  0.425  0.203
