# PSIPRED VFORMAT (PSIPRED V2.6 by David Jones)

   1 K C   0.997  0.001  0.002
   2 E C   0.767  0.004  0.228
   3 L E   0.340  0.003  0.657
   4 V E   0.121  0.002  0.877
   5 L E   0.061  0.001  0.937
   6 A E   0.063  0.002  0.935
   7 L E   0.127  0.002  0.871
   8 Y E   0.240  0.003  0.757
   9 D E   0.452  0.005  0.543
  10 Y C   0.611  0.008  0.381
  11 Q C   0.755  0.017  0.228
  12 E C   0.863  0.040  0.096
  13 K C   0.905  0.048  0.047
  14 S C   0.917  0.052  0.031
  15 P C   0.883  0.095  0.022
  16 R C   0.853  0.093  0.054
  17 E C   0.590  0.073  0.336
  18 V E   0.473  0.029  0.498
  19 T E   0.401  0.015  0.584
  20 M E   0.397  0.013  0.591
  21 K C   0.577  0.014  0.409
  22 K C   0.816  0.020  0.165
  23 G C   0.942  0.012  0.046
  24 D C   0.823  0.008  0.169
  25 I E   0.152  0.005  0.843
  26 L E   0.051  0.002  0.947
  27 T E   0.033  0.002  0.965
  28 L E   0.037  0.002  0.961
  29 L E   0.079  0.002  0.919
  30 N E   0.188  0.003  0.808
  31 S E   0.457  0.006  0.537
  32 T C   0.749  0.010  0.240
  33 N C   0.933  0.021  0.046
  34 K C   0.964  0.020  0.015
  35 D C   0.892  0.016  0.092
  36 W E   0.329  0.008  0.663
  37 W E   0.102  0.003  0.896
  38 K E   0.055  0.002  0.943
  39 V E   0.060  0.002  0.938
  40 E E   0.110  0.002  0.888
  41 V E   0.289  0.005  0.707
  42 N C   0.790  0.010  0.200
  43 G C   0.921  0.012  0.067
  44 R C   0.590  0.012  0.398
  45 Q E   0.272  0.007  0.721
  46 G E   0.278  0.005  0.716
  47 F E   0.256  0.005  0.740
  48 V E   0.350  0.006  0.645
  49 P C   0.628  0.035  0.337
  50 A C   0.525  0.393  0.082
  51 A C   0.480  0.408  0.112
  52 Y E   0.318  0.298  0.384
  53 V E   0.232  0.110  0.659
  54 K E   0.188  0.042  0.770
  55 K E   0.242  0.017  0.741
  56 L C   0.629  0.015  0.357
  57 D C   0.998  0.000  0.001
