# PSIPRED VFORMAT (PSIPRED V2.6 by David Jones)

   1 K L   0.985  0.006  0.010
   2 E L   0.880  0.009  0.111
   3 L E   0.451  0.011  0.538
   4 V E   0.115  0.010  0.875
   5 L E   0.054  0.011  0.936
   6 A E   0.050  0.010  0.940
   7 L E   0.112  0.025  0.863
   8 Y E   0.282  0.050  0.668
   9 D E   0.456  0.041  0.502
  10 Y L   0.522  0.052  0.426
  11 Q L   0.661  0.041  0.299
  12 E L   0.744  0.060  0.196
  13 K L   0.830  0.035  0.135
  14 S L   0.856  0.042  0.103
  15 P L   0.789  0.167  0.044
  16 R L   0.773  0.188  0.040
  17 E L   0.734  0.153  0.114
  18 V L   0.676  0.034  0.290
  19 T L   0.595  0.027  0.378
  20 M L   0.589  0.029  0.382
  21 K L   0.619  0.044  0.338
  22 K L   0.878  0.038  0.083
  23 G L   0.915  0.024  0.061
  24 D E   0.398  0.009  0.594
  25 I E   0.042  0.002  0.957
  26 L E   0.011  0.002  0.988
  27 T E   0.007  0.002  0.992
  28 L E   0.015  0.002  0.984
  29 L E   0.039  0.002  0.960
  30 N E   0.174  0.004  0.823
  31 S L   0.496  0.011  0.494
  32 T L   0.687  0.017  0.298
  33 N L   0.861  0.017  0.123
  34 K L   0.939  0.011  0.050
  35 D L   0.855  0.020  0.125
  36 W E   0.274  0.009  0.717
  37 W E   0.112  0.006  0.882
  38 K E   0.058  0.005  0.937
  39 V E   0.081  0.008  0.912
  40 E E   0.172  0.012  0.817
  41 V L   0.505  0.030  0.466
  42 N L   0.817  0.024  0.158
  43 G L   0.856  0.020  0.124
  44 R L   0.587  0.023  0.390
  45 Q E   0.458  0.028  0.514
  46 G E   0.425  0.018  0.557
  47 F E   0.424  0.012  0.564
  48 V E   0.423  0.007  0.570
  49 P L   0.614  0.028  0.358
  50 A H   0.334  0.553  0.113
  51 A H   0.402  0.432  0.165
  52 Y E   0.260  0.368  0.373
  53 V E   0.233  0.070  0.697
  54 K E   0.141  0.044  0.814
  55 K E   0.272  0.031  0.696
  56 L L   0.778  0.032  0.190
  57 D L   0.994  0.003  0.005
