# PSIPRED VFORMAT (PSIPRED V2.6 by David Jones)

   1 K C   1.000  0.000  0.000
   2 S C   0.923  0.066  0.011
   3 A H   0.174  0.825  0.001
   4 K H   0.073  0.927  0.000
   5 D H   0.036  0.963  0.000
   6 A H   0.018  0.982  0.000
   7 L H   0.014  0.985  0.000
   8 L H   0.013  0.987  0.000
   9 L H   0.010  0.990  0.000
  10 W H   0.009  0.991  0.000
  11 C H   0.011  0.989  0.000
  12 Q H   0.021  0.979  0.000
  13 M H   0.048  0.952  0.001
  14 K H   0.127  0.872  0.001
  15 T H   0.272  0.726  0.002
  16 A C   0.576  0.420  0.003
  17 G C   0.814  0.182  0.004
  18 Y C   0.889  0.105  0.006
  19 P C   0.921  0.072  0.007
  20 N C   0.925  0.051  0.024
  21 V C   0.832  0.054  0.115
  22 N C   0.748  0.079  0.173
  23 I C   0.640  0.225  0.135
  24 H C   0.642  0.259  0.099
  25 N C   0.689  0.248  0.063
  26 F C   0.731  0.238  0.032
  27 T C   0.733  0.247  0.020
  28 T C   0.706  0.276  0.018
  29 S C   0.714  0.260  0.026
  30 W C   0.582  0.393  0.025
  31 R C   0.531  0.452  0.017
  32 D H   0.468  0.520  0.012
  33 G H   0.186  0.809  0.005
  34 M H   0.072  0.924  0.004
  35 A H   0.027  0.971  0.002
  36 F H   0.011  0.989  0.001
  37 N H   0.008  0.992  0.001
  38 A H   0.007  0.993  0.000
  39 L H   0.007  0.992  0.000
  40 I H   0.013  0.987  0.001
  41 H H   0.045  0.953  0.001
  42 K H   0.174  0.825  0.002
  43 H H   0.383  0.612  0.005
  44 R C   0.850  0.146  0.004
  45 P C   0.754  0.241  0.005
  46 D C   0.757  0.234  0.009
  47 L C   0.736  0.202  0.062
  48 I C   0.774  0.084  0.142
  49 D C   0.828  0.073  0.099
  50 F H   0.457  0.519  0.024
  51 D H   0.385  0.606  0.009
  52 K H   0.418  0.572  0.011
  53 L C   0.675  0.306  0.019
  54 K C   0.871  0.114  0.015
  55 K C   0.801  0.186  0.013
  56 S C   0.811  0.177  0.012
  57 N C   0.791  0.199  0.010
  58 A H   0.316  0.678  0.005
  59 H H   0.145  0.852  0.003
  60 Y H   0.098  0.900  0.002
  61 N H   0.077  0.921  0.002
  62 L H   0.018  0.981  0.001
  63 Q H   0.012  0.988  0.001
  64 N H   0.008  0.992  0.000
  65 A H   0.005  0.994  0.000
  66 F H   0.005  0.995  0.000
  67 N H   0.005  0.995  0.000
  68 L H   0.005  0.995  0.000
  69 A H   0.007  0.992  0.000
  70 E H   0.015  0.984  0.000
  71 Q H   0.052  0.948  0.001
  72 H H   0.162  0.837  0.001
  73 L C   0.554  0.443  0.003
  74 G C   0.972  0.025  0.003
  75 L C   0.972  0.018  0.010
  76 T C   0.875  0.085  0.039
  77 K C   0.735  0.150  0.116
  78 L C   0.683  0.111  0.206
  79 L C   0.801  0.042  0.157
  80 D C   0.934  0.021  0.045
  81 P H   0.180  0.817  0.003
  82 E H   0.189  0.807  0.004
  83 D H   0.188  0.803  0.009
  84 I H   0.369  0.594  0.038
  85 S C   0.575  0.362  0.063
  86 V C   0.832  0.121  0.047
  87 D C   0.934  0.043  0.023
  88 H C   0.958  0.027  0.015
  89 P C   0.874  0.111  0.015
  90 D C   0.828  0.163  0.009
  91 E H   0.181  0.816  0.003
  92 K H   0.086  0.912  0.002
  93 S H   0.044  0.954  0.001
  94 I H   0.016  0.983  0.001
  95 I H   0.011  0.989  0.000
  96 T H   0.009  0.991  0.000
  97 Y H   0.007  0.992  0.000
  98 V H   0.007  0.992  0.000
  99 V H   0.010  0.990  0.000
 100 T H   0.014  0.986  0.000
 101 Y H   0.019  0.981  0.000
 102 Y H   0.036  0.964  0.000
 103 H H   0.100  0.900  0.000
 104 Y H   0.193  0.806  0.001
 105 F C   0.511  0.488  0.002
 106 S C   0.728  0.270  0.002
 107 K C   0.884  0.110  0.006
 108 M C   0.998  0.001  0.000
