# PSIPRED VFORMAT (PSIPRED V2.6 by David Jones)

   1 H C   0.999  0.001  0.001
   2 R C   0.846  0.020  0.134
   3 F C   0.743  0.034  0.223
   4 K C   0.620  0.042  0.338
   5 V C   0.587  0.071  0.342
   6 Y C   0.655  0.060  0.285
   7 N C   0.720  0.050  0.230
   8 Y C   0.821  0.036  0.143
   9 M C   0.886  0.042  0.072
  10 S C   0.905  0.055  0.039
  11 P C   0.811  0.142  0.047
  12 T C   0.663  0.218  0.119
  13 F C   0.487  0.395  0.119
  14 C C   0.470  0.465  0.065
  15 D H   0.352  0.615  0.033
  16 H H   0.291  0.679  0.029
  17 C H   0.289  0.688  0.023
  18 G H   0.251  0.733  0.016
  19 S H   0.244  0.732  0.024
  20 L H   0.234  0.708  0.058
  21 L H   0.205  0.705  0.090
  22 W H   0.227  0.676  0.098
  23 G H   0.239  0.655  0.106
  24 L H   0.268  0.626  0.106
  25 V H   0.323  0.570  0.106
  26 K H   0.427  0.495  0.077
  27 Q C   0.581  0.356  0.064
  28 G C   0.698  0.213  0.088
  29 L C   0.652  0.139  0.210
  30 K C   0.507  0.147  0.346
  31 C C   0.536  0.222  0.242
  32 E C   0.558  0.327  0.116
  33 D C   0.584  0.338  0.078
  34 C C   0.696  0.242  0.062
  35 G C   0.801  0.113  0.085
  36 M C   0.681  0.115  0.204
  37 N C   0.492  0.133  0.375
  38 V C   0.454  0.227  0.319
  39 H C   0.517  0.302  0.181
  40 H H   0.300  0.657  0.043
  41 K H   0.265  0.707  0.028
  42 C H   0.255  0.721  0.024
  43 R H   0.288  0.691  0.022
  44 E H   0.376  0.606  0.018
  45 K C   0.522  0.449  0.029
  46 V C   0.828  0.136  0.036
  47 A C   0.892  0.084  0.024
  48 N C   0.899  0.086  0.016
  49 L C   0.921  0.065  0.014
  50 C C   0.999  0.001  0.000
