# PSIPRED VFORMAT (PSIPRED V2.6 by David Jones)

   1 H L   0.868  0.063  0.069
   2 R L   0.741  0.064  0.194
   3 F L   0.601  0.059  0.339
   4 K L   0.508  0.067  0.425
   5 V L   0.498  0.080  0.422
   6 Y L   0.538  0.064  0.398
   7 N L   0.617  0.043  0.340
   8 Y L   0.634  0.028  0.339
   9 M L   0.693  0.032  0.275
  10 S L   0.705  0.041  0.255
  11 P L   0.763  0.042  0.195
  12 T L   0.638  0.075  0.286
  13 F L   0.472  0.101  0.427
  14 C L   0.572  0.181  0.246
  15 D L   0.648  0.259  0.093
  16 H L   0.719  0.201  0.080
  17 C L   0.647  0.278  0.074
  18 G H   0.454  0.490  0.056
  19 S H   0.415  0.473  0.111
  20 L H   0.354  0.409  0.236
  21 L L   0.409  0.281  0.311
  22 W L   0.505  0.239  0.256
  23 G L   0.561  0.209  0.229
  24 L L   0.522  0.225  0.253
  25 V L   0.514  0.213  0.274
  26 K L   0.534  0.236  0.230
  27 Q L   0.578  0.198  0.224
  28 G L   0.665  0.072  0.263
  29 L E   0.396  0.061  0.543
  30 K E   0.250  0.053  0.697
  31 C E   0.417  0.140  0.444
  32 E L   0.670  0.187  0.144
  33 D L   0.801  0.120  0.080
  34 C L   0.799  0.115  0.086
  35 G L   0.776  0.115  0.110
  36 M L   0.515  0.106  0.379
  37 N E   0.358  0.163  0.480
  38 V E   0.399  0.199  0.403
  39 H L   0.554  0.229  0.217
  40 H H   0.368  0.583  0.048
  41 K H   0.455  0.488  0.057
  42 C H   0.414  0.512  0.074
  43 R H   0.421  0.526  0.053
  44 E H   0.461  0.491  0.049
  45 K L   0.617  0.301  0.081
  46 V L   0.792  0.137  0.071
  47 A L   0.919  0.052  0.029
  48 N L   0.888  0.066  0.045
  49 L L   0.935  0.042  0.023
  50 C L   0.998  0.002  0.002
