# PSIPRED VFORMAT (PSIPRED V2.6 by David Jones)

   1 S C   0.998  0.002  0.000
   2 I H   0.235  0.764  0.002
   3 S H   0.118  0.881  0.001
   4 S H   0.039  0.961  0.000
   5 R H   0.019  0.981  0.000
   6 V H   0.013  0.987  0.000
   7 K H   0.010  0.990  0.000
   8 S H   0.010  0.990  0.000
   9 K H   0.011  0.988  0.000
  10 R H   0.018  0.982  0.000
  11 I H   0.051  0.949  0.000
  12 Q H   0.156  0.843  0.001
  13 L C   0.566  0.433  0.001
  14 G C   0.971  0.027  0.002
  15 L C   0.978  0.018  0.005
  16 N C   0.971  0.021  0.008
  17 Q H   0.045  0.954  0.000
  18 A H   0.020  0.980  0.000
  19 E H   0.011  0.989  0.000
  20 L H   0.007  0.993  0.000
  21 A H   0.009  0.991  0.000
  22 Q H   0.025  0.974  0.000
  23 K H   0.096  0.904  0.001
  24 V H   0.424  0.575  0.001
  25 G C   0.982  0.016  0.002
  26 T C   0.984  0.011  0.005
  27 T C   0.976  0.017  0.008
  28 Q H   0.088  0.911  0.001
  29 Q H   0.053  0.947  0.001
  30 S H   0.021  0.978  0.000
  31 I H   0.012  0.987  0.000
  32 E H   0.021  0.978  0.001
  33 Q H   0.032  0.968  0.001
  34 L H   0.070  0.929  0.002
  35 E H   0.160  0.838  0.002
  36 N C   0.517  0.480  0.003
  37 G C   0.908  0.088  0.003
  38 K C   0.957  0.038  0.006
  39 T C   0.968  0.017  0.015
  40 K C   0.936  0.041  0.024
  41 R C   0.919  0.064  0.017
  42 P H   0.074  0.925  0.001
  43 R H   0.033  0.966  0.001
  44 F H   0.014  0.986  0.000
  45 L H   0.007  0.993  0.000
  46 P H   0.006  0.993  0.000
  47 E H   0.007  0.993  0.000
  48 L H   0.007  0.993  0.000
  49 A H   0.010  0.989  0.000
  50 S H   0.030  0.969  0.001
  51 A H   0.109  0.890  0.001
  52 L H   0.401  0.598  0.002
  53 G C   0.960  0.038  0.003
  54 V C   0.969  0.023  0.008
  55 S C   0.967  0.019  0.014
  56 V H   0.090  0.909  0.000
  57 D H   0.067  0.933  0.000
  58 W H   0.065  0.934  0.000
  59 L H   0.118  0.881  0.001
  60 L H   0.262  0.736  0.002
  61 N C   0.646  0.351  0.003
  62 G C   0.938  0.057  0.005
  63 T C   0.999  0.001  0.000
