# PSIPRED VFORMAT (PSIPRED V2.6 by David Jones)

   1 L L   0.930  0.029  0.041
   2 D L   0.901  0.030  0.069
   3 A L   0.898  0.025  0.077
   4 P L   0.906  0.031  0.063
   5 S L   0.860  0.038  0.102
   6 Q L   0.791  0.028  0.180
   7 I L   0.523  0.020  0.457
   8 E E   0.141  0.012  0.847
   9 V E   0.076  0.008  0.916
  10 K E   0.169  0.009  0.822
  11 D E   0.260  0.010  0.730
  12 V E   0.409  0.008  0.583
  13 T L   0.651  0.015  0.334
  14 D L   0.811  0.015  0.175
  15 T L   0.785  0.023  0.193
  16 T E   0.279  0.009  0.712
  17 A E   0.056  0.002  0.942
  18 L E   0.019  0.002  0.980
  19 I E   0.015  0.002  0.984
  20 T E   0.023  0.002  0.976
  21 W E   0.066  0.002  0.932
  22 F E   0.269  0.003  0.728
  23 K L   0.656  0.011  0.333
  24 P L   0.792  0.021  0.188
  25 L L   0.838  0.028  0.134
  26 A L   0.888  0.018  0.094
  27 E L   0.802  0.016  0.183
  28 I L   0.672  0.023  0.305
  29 D L   0.656  0.011  0.333
  30 G E   0.289  0.010  0.700
  31 I E   0.043  0.002  0.956
  32 E E   0.016  0.002  0.984
  33 L E   0.011  0.002  0.989
  34 T E   0.019  0.002  0.980
  35 Y E   0.056  0.002  0.942
  36 G E   0.147  0.002  0.852
  37 I E   0.495  0.010  0.496
  38 K L   0.875  0.016  0.108
  39 D L   0.913  0.026  0.061
  40 V L   0.862  0.020  0.118
  41 P L   0.763  0.028  0.209
  42 G L   0.691  0.034  0.274
  43 D L   0.617  0.036  0.346
  44 R E   0.482  0.026  0.492
  45 T E   0.276  0.020  0.704
  46 T E   0.167  0.016  0.818
  47 I E   0.139  0.013  0.848
  48 D E   0.155  0.012  0.833
  49 L E   0.318  0.010  0.672
  50 T L   0.569  0.013  0.418
  51 E L   0.825  0.015  0.159
  52 D L   0.846  0.019  0.135
  53 E L   0.706  0.024  0.270
  54 N L   0.507  0.016  0.476
  55 Q E   0.153  0.011  0.836
  56 Y E   0.095  0.005  0.899
  57 S E   0.076  0.006  0.918
  58 I E   0.147  0.024  0.828
  59 G L   0.504  0.036  0.461
  60 N L   0.716  0.042  0.242
  61 L L   0.540  0.015  0.445
  62 K L   0.758  0.024  0.219
  63 P L   0.947  0.026  0.027
  64 D L   0.947  0.030  0.022
  65 T L   0.662  0.016  0.322
  66 E E   0.172  0.003  0.825
  67 Y E   0.051  0.002  0.948
  68 E E   0.017  0.002  0.983
  69 V E   0.010  0.002  0.991
  70 S E   0.006  0.002  0.994
  71 L E   0.008  0.002  0.992
  72 I E   0.018  0.002  0.982
  73 S E   0.046  0.002  0.953
  74 R E   0.103  0.002  0.897
  75 R E   0.392  0.009  0.599
  76 G L   0.843  0.013  0.144
  77 D L   0.907  0.023  0.070
  78 M L   0.782  0.015  0.203
  79 S L   0.520  0.012  0.467
  80 S L   0.554  0.014  0.432
  81 N L   0.678  0.013  0.309
  82 P L   0.677  0.018  0.306
  83 A E   0.458  0.024  0.519
  84 K E   0.326  0.018  0.657
  85 E E   0.253  0.029  0.718
  86 T E   0.206  0.033  0.761
  87 F E   0.250  0.020  0.730
  88 T L   0.706  0.022  0.273
  89 T L   0.967  0.004  0.030
