# PSIPRED VFORMAT (PSIPRED V2.6 by David Jones)

   1 L C   0.998  0.000  0.001
   2 D C   0.955  0.005  0.040
   3 A C   0.952  0.013  0.035
   4 P C   0.956  0.019  0.025
   5 S C   0.900  0.025  0.074
   6 Q C   0.765  0.012  0.223
   7 I C   0.533  0.005  0.462
   8 E E   0.185  0.003  0.812
   9 V E   0.128  0.003  0.869
  10 K E   0.176  0.002  0.822
  11 D E   0.279  0.002  0.719
  12 V C   0.541  0.004  0.455
  13 T C   0.760  0.009  0.231
  14 D C   0.913  0.015  0.071
  15 T C   0.844  0.013  0.143
  16 T E   0.307  0.007  0.686
  17 A E   0.076  0.002  0.921
  18 L E   0.028  0.002  0.970
  19 I E   0.021  0.002  0.977
  20 T E   0.038  0.001  0.961
  21 W E   0.124  0.002  0.874
  22 F E   0.450  0.003  0.547
  23 K C   0.837  0.004  0.159
  24 P C   0.958  0.009  0.033
  25 L C   0.962  0.016  0.022
  26 A C   0.951  0.016  0.033
  27 E C   0.824  0.018  0.159
  28 I C   0.546  0.010  0.444
  29 D E   0.403  0.006  0.591
  30 G E   0.215  0.003  0.782
  31 I E   0.075  0.002  0.922
  32 E E   0.035  0.001  0.964
  33 L E   0.030  0.001  0.969
  34 T E   0.037  0.001  0.962
  35 Y E   0.064  0.001  0.934
  36 G E   0.148  0.002  0.851
  37 I E   0.299  0.003  0.699
  38 K C   0.686  0.005  0.309
  39 D C   0.906  0.010  0.084
  40 V C   0.958  0.017  0.026
  41 P C   0.936  0.019  0.044
  42 G C   0.837  0.017  0.146
  43 D C   0.619  0.011  0.370
  44 R E   0.321  0.006  0.673
  45 T E   0.141  0.003  0.857
  46 T E   0.070  0.002  0.928
  47 I E   0.074  0.002  0.925
  48 D E   0.126  0.001  0.872
  49 L E   0.356  0.003  0.642
  50 T C   0.719  0.006  0.275
  51 E C   0.917  0.014  0.069
  52 D C   0.898  0.017  0.085
  53 E C   0.687  0.013  0.300
  54 N E   0.386  0.007  0.608
  55 Q E   0.107  0.003  0.889
  56 Y E   0.045  0.003  0.952
  57 S E   0.044  0.003  0.954
  58 I E   0.111  0.004  0.885
  59 G E   0.371  0.010  0.619
  60 N C   0.662  0.012  0.327
  61 L C   0.773  0.013  0.213
  62 K C   0.856  0.013  0.132
  63 P C   0.918  0.022  0.060
  64 D C   0.940  0.014  0.046
  65 T C   0.697  0.009  0.294
  66 E E   0.249  0.005  0.747
  67 Y E   0.071  0.003  0.926
  68 E E   0.032  0.003  0.965
  69 V E   0.022  0.003  0.975
  70 S E   0.024  0.003  0.974
  71 L E   0.028  0.003  0.969
  72 I E   0.037  0.003  0.960
  73 S E   0.069  0.003  0.927
  74 R E   0.164  0.003  0.833
  75 R E   0.433  0.006  0.560
  76 G C   0.811  0.021  0.168
  77 D C   0.908  0.025  0.068
  78 M C   0.914  0.017  0.068
  79 S C   0.884  0.013  0.103
  80 S C   0.895  0.013  0.092
  81 N C   0.881  0.019  0.100
  82 P C   0.791  0.035  0.174
  83 A C   0.641  0.033  0.326
  84 K E   0.440  0.025  0.535
  85 E E   0.271  0.010  0.719
  86 T E   0.143  0.006  0.851
  87 F E   0.156  0.003  0.842
  88 T E   0.300  0.003  0.698
  89 T C   0.983  0.000  0.017
