# PSIPRED VFORMAT (PSIPRED V2.6 by David Jones)

   1 G L   0.954  0.010  0.036
   2 T L   0.841  0.015  0.144
   3 P L   0.769  0.013  0.218
   4 D L   0.643  0.011  0.346
   5 I E   0.226  0.007  0.767
   6 I E   0.041  0.005  0.954
   7 V E   0.018  0.004  0.977
   8 N E   0.033  0.005  0.963
   9 A E   0.058  0.005  0.937
  10 Q E   0.105  0.006  0.888
  11 I E   0.172  0.011  0.817
  12 N E   0.371  0.013  0.615
  13 S L   0.603  0.038  0.359
  14 E L   0.858  0.031  0.111
  15 D L   0.914  0.025  0.061
  16 E L   0.756  0.019  0.225
  17 N E   0.458  0.010  0.531
  18 V E   0.098  0.007  0.895
  19 L E   0.040  0.006  0.955
  20 D E   0.026  0.006  0.970
  21 F E   0.028  0.009  0.963
  22 I E   0.051  0.011  0.939
  23 I E   0.132  0.023  0.846
  24 E E   0.372  0.095  0.534
  25 D H   0.316  0.532  0.152
  26 E H   0.197  0.717  0.087
  27 Y H   0.115  0.856  0.029
  28 Y H   0.100  0.880  0.020
  29 L H   0.072  0.916  0.012
  30 K H   0.077  0.913  0.010
  31 K H   0.089  0.899  0.012
  32 R H   0.183  0.794  0.023
  33 G L   0.555  0.391  0.054
  34 V L   0.598  0.276  0.127
  35 G L   0.803  0.085  0.112
  36 A L   0.601  0.155  0.244
  37 H L   0.463  0.132  0.405
  38 I E   0.170  0.076  0.755
  39 I E   0.107  0.020  0.874
  40 K E   0.064  0.008  0.928
  41 V E   0.087  0.009  0.904
  42 A E   0.335  0.013  0.653
  43 S L   0.762  0.023  0.215
  44 S L   0.582  0.378  0.040
  45 P H   0.173  0.816  0.011
  46 Q H   0.167  0.816  0.016
  47 L H   0.050  0.947  0.003
  48 R H   0.078  0.917  0.004
  49 L H   0.079  0.915  0.007
  50 L H   0.127  0.863  0.009
  51 Y H   0.239  0.750  0.012
  52 K H   0.463  0.521  0.016
  53 N L   0.825  0.154  0.022
  54 A L   0.933  0.039  0.028
  55 Y L   0.764  0.028  0.209
  56 S E   0.199  0.015  0.786
  57 T E   0.043  0.007  0.949
  58 V E   0.024  0.005  0.971
  59 S E   0.039  0.005  0.957
  60 C E   0.224  0.010  0.765
  61 G L   0.820  0.011  0.168
  62 N L   0.872  0.011  0.117
  63 Y E   0.284  0.007  0.710
  64 G E   0.049  0.002  0.950
  65 V E   0.020  0.002  0.978
  66 L E   0.013  0.002  0.985
  67 C E   0.025  0.002  0.974
  68 N E   0.094  0.003  0.903
  69 L E   0.345  0.018  0.636
  70 V L   0.511  0.020  0.469
  71 Q L   0.625  0.073  0.301
  72 N L   0.735  0.125  0.141
  73 G L   0.779  0.111  0.110
  74 E L   0.643  0.177  0.180
  75 Y L   0.779  0.093  0.128
  76 D L   0.664  0.025  0.311
  77 L E   0.191  0.007  0.802
  78 N E   0.052  0.003  0.944
  79 A E   0.011  0.002  0.988
  80 I E   0.004  0.002  0.995
  81 M E   0.005  0.003  0.993
  82 F E   0.019  0.002  0.979
  83 N E   0.105  0.002  0.892
  84 C L   0.555  0.006  0.438
  85 A L   0.857  0.018  0.126
  86 E L   0.777  0.062  0.161
  87 I E   0.422  0.085  0.492
  88 K E   0.158  0.053  0.789
  89 L E   0.156  0.038  0.805
  90 N E   0.222  0.030  0.748
  91 K L   0.690  0.027  0.282
  92 G L   0.889  0.014  0.097
  93 Q L   0.553  0.008  0.438
  94 M E   0.068  0.002  0.931
  95 L E   0.019  0.002  0.979
  96 F E   0.012  0.002  0.988
  97 Q E   0.016  0.002  0.983
  98 T E   0.029  0.002  0.970
  99 K E   0.094  0.002  0.904
 100 I E   0.263  0.004  0.732
 101 W L   0.740  0.005  0.255
 102 R L   0.987  0.002  0.011
