# PSIPRED VFORMAT (PSIPRED V2.6 by David Jones)

   1 G C   0.998  0.001  0.002
   2 T C   0.870  0.007  0.123
   3 P C   0.759  0.010  0.231
   4 D C   0.588  0.008  0.404
   5 I E   0.150  0.006  0.844
   6 I E   0.058  0.002  0.940
   7 V E   0.036  0.002  0.962
   8 N E   0.044  0.001  0.955
   9 A E   0.099  0.002  0.900
  10 Q E   0.124  0.002  0.874
  11 I E   0.224  0.003  0.773
  12 N C   0.581  0.008  0.411
  13 S C   0.876  0.028  0.096
  14 E C   0.929  0.047  0.024
  15 D C   0.920  0.051  0.029
  16 E C   0.828  0.035  0.137
  17 N C   0.559  0.026  0.415
  18 V E   0.188  0.020  0.792
  19 L E   0.102  0.012  0.886
  20 D E   0.050  0.009  0.941
  21 F E   0.045  0.006  0.949
  22 I E   0.055  0.005  0.940
  23 I E   0.169  0.016  0.815
  24 E C   0.469  0.072  0.459
  25 D C   0.633  0.130  0.238
  26 E C   0.478  0.284  0.238
  27 Y E   0.332  0.327  0.341
  28 Y E   0.259  0.329  0.412
  29 L E   0.228  0.334  0.439
  30 K E   0.220  0.320  0.460
  31 K E   0.264  0.273  0.464
  32 R C   0.424  0.184  0.391
  33 G C   0.542  0.080  0.378
  34 V C   0.573  0.043  0.384
  35 G C   0.586  0.027  0.387
  36 A E   0.436  0.029  0.535
  37 H E   0.220  0.021  0.759
  38 I E   0.137  0.014  0.849
  39 I E   0.133  0.009  0.858
  40 K E   0.141  0.007  0.852
  41 V E   0.180  0.005  0.815
  42 A E   0.439  0.005  0.556
  43 S C   0.778  0.016  0.206
  44 S C   0.503  0.481  0.016
  45 P H   0.138  0.860  0.003
  46 Q H   0.086  0.911  0.003
  47 L H   0.058  0.939  0.003
  48 R H   0.061  0.936  0.003
  49 L H   0.080  0.916  0.004
  50 L H   0.108  0.887  0.005
  51 Y H   0.247  0.745  0.009
  52 K C   0.494  0.493  0.013
  53 N C   0.817  0.164  0.019
  54 A C   0.905  0.041  0.054
  55 Y C   0.775  0.021  0.203
  56 S E   0.471  0.010  0.519
  57 T E   0.159  0.006  0.835
  58 V E   0.114  0.003  0.883
  59 S E   0.180  0.004  0.816
  60 C C   0.540  0.006  0.454
  61 G C   0.828  0.010  0.162
  62 N C   0.788  0.011  0.200
  63 Y E   0.313  0.006  0.681
  64 G E   0.096  0.002  0.902
  65 V E   0.041  0.002  0.958
  66 L E   0.034  0.002  0.965
  67 C E   0.063  0.002  0.935
  68 N E   0.139  0.005  0.856
  69 L E   0.236  0.009  0.755
  70 V E   0.296  0.012  0.692
  71 Q E   0.430  0.020  0.550
  72 N C   0.831  0.024  0.145
  73 G C   0.923  0.036  0.041
  74 E C   0.874  0.057  0.069
  75 Y C   0.828  0.047  0.125
  76 D C   0.661  0.028  0.311
  77 L E   0.313  0.012  0.675
  78 N E   0.102  0.007  0.891
  79 A E   0.026  0.006  0.968
  80 I E   0.015  0.008  0.978
  81 M E   0.019  0.008  0.974
  82 F E   0.049  0.007  0.944
  83 N E   0.202  0.008  0.790
  84 C C   0.555  0.012  0.432
  85 A C   0.785  0.018  0.197
  86 E C   0.723  0.036  0.241
  87 I E   0.405  0.026  0.569
  88 K E   0.159  0.015  0.825
  89 L E   0.152  0.008  0.839
  90 N E   0.268  0.007  0.725
  91 K C   0.630  0.010  0.360
  92 G C   0.892  0.009  0.099
  93 Q C   0.692  0.006  0.301
  94 M E   0.235  0.004  0.761
  95 L E   0.073  0.002  0.925
  96 F E   0.040  0.001  0.958
  97 Q E   0.024  0.001  0.975
  98 T E   0.024  0.001  0.975
  99 K E   0.039  0.001  0.960
 100 I E   0.093  0.001  0.906
 101 W E   0.261  0.002  0.737
 102 R C   0.975  0.000  0.025
