# PSIPRED VFORMAT (PSIPRED V2.6 by David Jones)

   1 P L   0.964  0.015  0.022
   2 N L   0.918  0.018  0.063
   3 H L   0.721  0.013  0.266
   4 T E   0.184  0.009  0.807
   5 I E   0.052  0.004  0.945
   6 Y E   0.027  0.003  0.970
   7 I E   0.047  0.006  0.947
   8 N E   0.238  0.010  0.754
   9 N L   0.671  0.014  0.315
  10 L L   0.776  0.011  0.213
  11 N L   0.887  0.030  0.083
  12 E L   0.799  0.167  0.034
  13 K L   0.813  0.147  0.041
  14 I L   0.763  0.084  0.153
  15 K L   0.905  0.057  0.038
  16 K H   0.045  0.950  0.003
  17 D H   0.030  0.967  0.003
  18 E H   0.018  0.981  0.002
  19 L H   0.018  0.980  0.002
  20 K H   0.020  0.980  0.002
  21 K H   0.021  0.978  0.002
  22 S H   0.026  0.970  0.003
  23 L H   0.074  0.924  0.003
  24 H H   0.065  0.929  0.006
  25 A H   0.062  0.931  0.007
  26 I H   0.080  0.908  0.011
  27 F H   0.113  0.875  0.012
  28 S H   0.174  0.813  0.013
  29 R H   0.341  0.633  0.026
  30 F L   0.630  0.304  0.066
  31 G L   0.845  0.052  0.103
  32 Q L   0.670  0.030  0.301
  33 I E   0.294  0.025  0.681
  34 L E   0.123  0.009  0.867
  35 D E   0.047  0.004  0.949
  36 I E   0.028  0.002  0.970
  37 L E   0.025  0.002  0.972
  38 V E   0.049  0.002  0.948
  39 S E   0.184  0.004  0.812
  40 R L   0.661  0.012  0.327
  41 S L   0.918  0.014  0.068
  42 L L   0.934  0.014  0.052
  43 K L   0.828  0.009  0.163
  44 M L   0.671  0.012  0.317
  45 R L   0.807  0.008  0.185
  46 G L   0.707  0.012  0.281
  47 Q E   0.179  0.004  0.817
  48 A E   0.037  0.002  0.962
  49 F E   0.016  0.002  0.982
  50 V E   0.021  0.002  0.978
  51 I E   0.040  0.002  0.959
  52 F E   0.183  0.006  0.810
  53 K L   0.782  0.003  0.213
  54 E L   0.946  0.014  0.039
  55 V H   0.146  0.843  0.011
  56 S H   0.030  0.966  0.003
  57 S H   0.020  0.979  0.002
  58 A H   0.016  0.982  0.002
  59 T H   0.015  0.985  0.002
  60 N H   0.009  0.991  0.002
  61 A H   0.012  0.986  0.002
  62 L H   0.017  0.981  0.002
  63 R H   0.037  0.956  0.006
  64 S H   0.068  0.927  0.006
  65 M H   0.227  0.766  0.007
  66 Q L   0.498  0.492  0.011
  67 G L   0.944  0.041  0.014
  68 F L   0.768  0.035  0.197
  69 P E   0.461  0.016  0.523
  70 F L   0.559  0.022  0.419
  71 Y L   0.931  0.010  0.058
  72 D L   0.952  0.014  0.034
  73 K L   0.642  0.007  0.352
  74 P E   0.238  0.003  0.760
  75 M E   0.112  0.002  0.887
  76 R E   0.032  0.002  0.967
  77 I E   0.024  0.002  0.975
  78 Q E   0.049  0.003  0.949
  79 Y E   0.188  0.007  0.806
  80 A L   0.600  0.014  0.386
  81 K L   0.884  0.012  0.102
  82 T L   0.944  0.023  0.034
  83 D H   0.386  0.594  0.020
  84 S H   0.249  0.737  0.013
  85 D H   0.111  0.880  0.009
  86 I H   0.076  0.916  0.008
  87 I H   0.084  0.910  0.006
  88 A H   0.092  0.904  0.004
  89 K H   0.257  0.738  0.004
  90 M L   0.973  0.026  0.002
