# PSIPRED VFORMAT (PSIPRED V2.6 by David Jones)

   1 P C   0.999  0.000  0.001
   2 N C   0.944  0.006  0.050
   3 H C   0.724  0.005  0.271
   4 T E   0.257  0.003  0.741
   5 I E   0.061  0.002  0.937
   6 Y E   0.039  0.001  0.960
   7 I E   0.127  0.001  0.871
   8 N C   0.511  0.003  0.486
   9 N C   0.779  0.010  0.211
  10 L C   0.878  0.019  0.103
  11 N C   0.931  0.033  0.035
  12 E C   0.882  0.097  0.021
  13 K C   0.887  0.083  0.030
  14 I C   0.910  0.048  0.042
  15 K C   0.958  0.018  0.024
  16 K H   0.070  0.929  0.001
  17 D H   0.020  0.980  0.000
  18 E H   0.009  0.991  0.000
  19 L H   0.005  0.995  0.000
  20 K H   0.004  0.995  0.000
  21 K H   0.004  0.995  0.000
  22 S H   0.004  0.996  0.000
  23 L H   0.004  0.996  0.000
  24 H H   0.006  0.993  0.001
  25 A H   0.021  0.978  0.001
  26 I H   0.070  0.928  0.002
  27 F H   0.185  0.811  0.004
  28 S H   0.358  0.634  0.007
  29 R C   0.551  0.433  0.015
  30 F C   0.759  0.211  0.030
  31 G C   0.902  0.025  0.072
  32 Q C   0.747  0.010  0.242
  33 I E   0.311  0.006  0.683
  34 L E   0.145  0.005  0.850
  35 D E   0.062  0.003  0.936
  36 I E   0.047  0.001  0.952
  37 L E   0.058  0.001  0.941
  38 V E   0.122  0.002  0.877
  39 S E   0.258  0.003  0.739
  40 R E   0.483  0.008  0.509
  41 S C   0.879  0.014  0.106
  42 L C   0.955  0.015  0.029
  43 K C   0.873  0.018  0.109
  44 M C   0.708  0.019  0.273
  45 R C   0.645  0.011  0.344
  46 G C   0.509  0.008  0.484
  47 Q E   0.234  0.004  0.762
  48 A E   0.067  0.002  0.931
  49 F E   0.026  0.002  0.972
  50 V E   0.026  0.002  0.973
  51 I E   0.059  0.001  0.940
  52 F E   0.250  0.001  0.749
  53 K C   0.829  0.003  0.168
  54 E C   0.974  0.006  0.020
  55 V H   0.095  0.904  0.001
  56 S H   0.038  0.961  0.000
  57 S H   0.018  0.982  0.000
  58 A H   0.008  0.992  0.000
  59 T H   0.006  0.994  0.000
  60 N H   0.006  0.994  0.000
  61 A H   0.008  0.992  0.000
  62 L H   0.012  0.987  0.001
  63 R H   0.040  0.959  0.001
  64 S H   0.149  0.849  0.002
  65 M H   0.410  0.586  0.004
  66 Q C   0.850  0.143  0.006
  67 G C   0.957  0.021  0.022
  68 F C   0.762  0.021  0.217
  69 P E   0.420  0.021  0.559
  70 F C   0.524  0.023  0.452
  71 Y C   0.860  0.018  0.122
  72 D C   0.916  0.016  0.068
  73 K C   0.604  0.011  0.384
  74 P E   0.272  0.005  0.723
  75 M E   0.143  0.004  0.854
  76 R E   0.079  0.004  0.917
  77 I E   0.106  0.005  0.889
  78 Q E   0.218  0.009  0.773
  79 Y E   0.403  0.015  0.582
  80 A C   0.663  0.015  0.322
  81 K C   0.811  0.017  0.172
  82 T C   0.898  0.026  0.075
  83 D C   0.890  0.087  0.023
  84 S C   0.841  0.145  0.013
  85 D C   0.798  0.186  0.016
  86 I C   0.784  0.193  0.023
  87 I C   0.713  0.248  0.040
  88 A C   0.726  0.224  0.050
  89 K C   0.793  0.150  0.057
  90 M C   0.998  0.001  0.001
