# PSIPRED VFORMAT (PSIPRED V2.6 by David Jones)

   1 V L   0.963  0.030  0.007
   2 E L   0.936  0.039  0.025
   3 L L   0.904  0.051  0.045
   4 S L   0.784  0.141  0.075
   5 K L   0.566  0.341  0.092
   6 K L   0.501  0.380  0.119
   7 V L   0.387  0.324  0.288
   8 T E   0.350  0.185  0.466
   9 G E   0.272  0.093  0.635
  10 K E   0.200  0.058  0.741
  11 L E   0.353  0.045  0.602
  12 D L   0.682  0.035  0.283
  13 K L   0.914  0.033  0.054
  14 T L   0.942  0.025  0.034
  15 T L   0.886  0.017  0.096
  16 P L   0.725  0.008  0.267
  17 G E   0.316  0.006  0.679
  18 I E   0.097  0.003  0.901
  19 Q E   0.023  0.002  0.975
  20 I E   0.009  0.002  0.990
  21 W E   0.008  0.002  0.991
  22 R E   0.015  0.002  0.985
  23 I E   0.077  0.003  0.921
  24 E L   0.740  0.006  0.255
  25 N L   0.947  0.008  0.046
  26 M L   0.840  0.011  0.150
  27 E E   0.396  0.006  0.598
  28 M E   0.184  0.007  0.810
  29 V E   0.103  0.005  0.894
  30 P E   0.127  0.004  0.869
  31 V E   0.382  0.007  0.610
  32 P L   0.744  0.017  0.239
  33 T H   0.299  0.635  0.067
  34 K H   0.275  0.685  0.040
  35 S H   0.209  0.763  0.029
  36 Y H   0.228  0.750  0.022
  37 G H   0.370  0.601  0.029
  38 N L   0.542  0.378  0.080
  39 F L   0.666  0.178  0.155
  40 Y L   0.783  0.073  0.146
  41 E L   0.882  0.054  0.063
  42 G L   0.927  0.023  0.049
  43 D L   0.517  0.014  0.469
  44 C E   0.072  0.002  0.926
  45 Y E   0.012  0.002  0.986
  46 V E   0.006  0.002  0.992
  47 L E   0.027  0.002  0.972
  48 L E   0.145  0.002  0.853
  49 S L   0.560  0.006  0.434
  50 T L   0.792  0.014  0.194
  51 R L   0.700  0.035  0.265
  52 K L   0.680  0.057  0.263
  53 T L   0.721  0.074  0.205
  54 G L   0.774  0.068  0.158
  55 S L   0.784  0.096  0.119
  56 G L   0.771  0.132  0.097
  57 F L   0.800  0.083  0.117
  58 S L   0.774  0.043  0.183
  59 Y L   0.617  0.005  0.379
  60 N E   0.081  0.002  0.917
  61 I E   0.015  0.002  0.984
  62 H E   0.007  0.002  0.992
  63 Y E   0.012  0.002  0.987
  64 W E   0.051  0.002  0.948
  65 L E   0.265  0.006  0.730
  66 G L   0.641  0.035  0.324
  67 K L   0.803  0.064  0.132
  68 N L   0.811  0.091  0.098
  69 S L   0.816  0.058  0.125
  70 S L   0.976  0.017  0.007
  71 Q H   0.067  0.931  0.003
  72 D H   0.030  0.968  0.002
  73 E H   0.012  0.987  0.002
  74 Q H   0.012  0.988  0.002
  75 G H   0.009  0.990  0.002
  76 A H   0.008  0.991  0.002
  77 A H   0.006  0.994  0.002
  78 A H   0.005  0.995  0.002
  79 I H   0.006  0.992  0.002
  80 Y H   0.005  0.995  0.002
  81 T H   0.008  0.991  0.002
  82 T H   0.006  0.992  0.002
  83 Q H   0.009  0.989  0.002
  84 M H   0.018  0.981  0.002
  85 D H   0.045  0.952  0.003
  86 E H   0.112  0.884  0.005
  87 Y H   0.386  0.605  0.009
  88 L L   0.786  0.192  0.022
  89 G L   0.932  0.044  0.023
  90 S L   0.887  0.036  0.077
  91 V L   0.761  0.028  0.211
  92 A L   0.617  0.009  0.374
  93 V E   0.319  0.006  0.676
  94 Q E   0.122  0.006  0.872
  95 H E   0.053  0.007  0.940
  96 R E   0.036  0.005  0.959
  97 E E   0.087  0.010  0.902
  98 V E   0.235  0.020  0.745
  99 Q L   0.620  0.034  0.346
 100 G L   0.886  0.030  0.085
 101 H L   0.877  0.024  0.099
 102 E L   0.815  0.046  0.138
 103 S L   0.876  0.081  0.043
 104 E H   0.050  0.946  0.004
 105 T H   0.039  0.954  0.006
 106 F H   0.033  0.963  0.004
 107 R H   0.056  0.939  0.005
 108 A H   0.105  0.883  0.012
 109 Y H   0.168  0.813  0.019
 110 F H   0.379  0.573  0.049
 111 K L   0.822  0.145  0.032
 112 Q L   0.881  0.073  0.046
 113 G L   0.773  0.060  0.168
 114 L E   0.462  0.064  0.474
 115 I E   0.208  0.059  0.734
 116 Y E   0.217  0.064  0.719
 117 K E   0.344  0.083  0.574
 118 Q L   0.602  0.087  0.310
 119 G L   0.834  0.047  0.118
 120 G L   0.867  0.018  0.115
 121 V L   0.881  0.019  0.101
 122 A L   0.969  0.007  0.024
