# PSIPRED VFORMAT (PSIPRED V2.6 by David Jones)

   1 V C   0.974  0.001  0.026
   2 E E   0.451  0.004  0.545
   3 L E   0.421  0.007  0.571
   4 S C   0.553  0.023  0.424
   5 K C   0.437  0.431  0.132
   6 K H   0.457  0.461  0.082
   7 V H   0.435  0.444  0.121
   8 T C   0.616  0.259  0.125
   9 G C   0.671  0.158  0.171
  10 K C   0.572  0.136  0.292
  11 L C   0.497  0.107  0.397
  12 D C   0.568  0.081  0.351
  13 K C   0.772  0.062  0.166
  14 T C   0.884  0.045  0.071
  15 T C   0.915  0.028  0.057
  16 P C   0.906  0.016  0.077
  17 G C   0.693  0.008  0.299
  18 I E   0.330  0.004  0.666
  19 Q E   0.114  0.003  0.883
  20 I E   0.044  0.003  0.953
  21 W E   0.037  0.002  0.961
  22 R E   0.052  0.003  0.945
  23 I E   0.129  0.005  0.865
  24 E E   0.365  0.012  0.623
  25 N C   0.704  0.020  0.276
  26 M C   0.781  0.022  0.197
  27 E C   0.647  0.017  0.336
  28 M C   0.497  0.015  0.488
  29 V E   0.475  0.011  0.515
  30 P C   0.503  0.008  0.489
  31 V C   0.748  0.009  0.243
  32 P C   0.926  0.021  0.053
  33 T H   0.467  0.521  0.012
  34 K H   0.457  0.519  0.024
  35 S H   0.415  0.497  0.087
  36 Y C   0.522  0.229  0.249
  37 G C   0.556  0.100  0.344
  38 N E   0.435  0.096  0.468
  39 F E   0.346  0.105  0.548
  40 Y C   0.501  0.082  0.417
  41 E C   0.784  0.054  0.162
  42 G C   0.901  0.036  0.064
  43 D C   0.798  0.025  0.177
  44 C E   0.228  0.019  0.752
  45 Y E   0.053  0.013  0.935
  46 V E   0.021  0.006  0.972
  47 L E   0.017  0.007  0.976
  48 L E   0.033  0.007  0.960
  49 S E   0.082  0.009  0.909
  50 T E   0.154  0.013  0.833
  51 R E   0.192  0.013  0.795
  52 K E   0.318  0.018  0.663
  53 T C   0.591  0.024  0.386
  54 G C   0.927  0.021  0.052
  55 S C   0.962  0.018  0.020
  56 G C   0.817  0.022  0.161
  57 F E   0.481  0.018  0.501
  58 S E   0.251  0.014  0.735
  59 Y E   0.102  0.007  0.890
  60 N E   0.040  0.003  0.957
  61 I E   0.017  0.003  0.981
  62 H E   0.015  0.003  0.982
  63 Y E   0.023  0.004  0.973
  64 W E   0.062  0.006  0.932
  65 L E   0.263  0.006  0.731
  66 G C   0.725  0.011  0.264
  67 K C   0.847  0.030  0.123
  68 N C   0.829  0.044  0.127
  69 S C   0.864  0.042  0.093
  70 S C   0.854  0.062  0.084
  71 Q H   0.438  0.513  0.049
  72 D H   0.442  0.524  0.034
  73 E H   0.288  0.687  0.025
  74 Q H   0.258  0.706  0.036
  75 G H   0.262  0.689  0.048
  76 A H   0.231  0.700  0.070
  77 A H   0.150  0.730  0.120
  78 A H   0.090  0.731  0.179
  79 I H   0.056  0.715  0.230
  80 Y H   0.049  0.711  0.241
  81 T H   0.056  0.695  0.249
  82 T H   0.073  0.659  0.268
  83 Q H   0.124  0.669  0.208
  84 M H   0.151  0.727  0.122
  85 D H   0.201  0.746  0.053
  86 E H   0.190  0.785  0.025
  87 Y H   0.278  0.703  0.019
  88 L C   0.549  0.433  0.018
  89 G C   0.916  0.070  0.014
  90 S C   0.957  0.020  0.023
  91 V C   0.799  0.022  0.179
  92 A C   0.526  0.022  0.453
  93 V E   0.233  0.017  0.750
  94 Q E   0.087  0.011  0.902
  95 H E   0.048  0.008  0.944
  96 R E   0.050  0.006  0.944
  97 E E   0.084  0.008  0.908
  98 V E   0.222  0.014  0.764
  99 Q C   0.615  0.016  0.369
 100 G C   0.881  0.017  0.102
 101 H C   0.885  0.036  0.078
 102 E C   0.883  0.062  0.055
 103 S C   0.598  0.388  0.014
 104 E H   0.125  0.871  0.004
 105 T H   0.064  0.931  0.005
 106 F H   0.036  0.959  0.005
 107 R H   0.036  0.954  0.010
 108 A H   0.067  0.915  0.018
 109 Y H   0.143  0.832  0.025
 110 F H   0.368  0.585  0.047
 111 K C   0.756  0.217  0.027
 112 Q C   0.933  0.042  0.025
 113 G C   0.789  0.014  0.196
 114 L E   0.279  0.006  0.715
 115 I E   0.059  0.003  0.938
 116 Y E   0.061  0.003  0.937
 117 K E   0.157  0.003  0.839
 118 Q E   0.452  0.009  0.538
 119 G C   0.776  0.020  0.204
 120 G C   0.791  0.021  0.188
 121 V C   0.769  0.023  0.208
 122 A C   0.999  0.001  0.001
