# PSIPRED VFORMAT (PSIPRED V2.6 by David Jones)

   1 M C   0.999  0.001  0.000
   2 E C   0.879  0.065  0.056
   3 Q C   0.798  0.083  0.119
   4 R C   0.646  0.118  0.235
   5 I C   0.631  0.107  0.262
   6 T C   0.650  0.102  0.248
   7 L H   0.102  0.893  0.005
   8 K H   0.052  0.945  0.002
   9 D H   0.033  0.965  0.002
  10 Y H   0.024  0.972  0.004
  11 A H   0.035  0.961  0.004
  12 M H   0.089  0.907  0.004
  13 R H   0.182  0.813  0.005
  14 F H   0.488  0.505  0.007
  15 G C   0.790  0.203  0.007
  16 Q H   0.396  0.598  0.006
  17 T H   0.224  0.767  0.009
  18 K H   0.134  0.854  0.012
  19 T H   0.082  0.899  0.019
  20 A H   0.058  0.926  0.016
  21 K H   0.081  0.908  0.011
  22 D H   0.184  0.807  0.009
  23 L C   0.579  0.413  0.008
  24 G C   0.960  0.032  0.009
  25 V C   0.941  0.031  0.029
  26 Y C   0.905  0.044  0.051
  27 Q H   0.117  0.881  0.003
  28 S H   0.073  0.926  0.001
  29 A H   0.025  0.974  0.001
  30 I H   0.015  0.984  0.001
  31 N H   0.016  0.983  0.001
  32 K H   0.016  0.983  0.001
  33 A H   0.022  0.977  0.001
  34 I H   0.049  0.949  0.003
  35 H H   0.146  0.849  0.004
  36 A C   0.520  0.473  0.007
  37 G C   0.933  0.062  0.006
  38 R C   0.960  0.019  0.022
  39 K C   0.686  0.012  0.302
  40 I E   0.301  0.010  0.689
  41 F E   0.130  0.010  0.861
  42 L E   0.085  0.010  0.905
  43 T E   0.110  0.008  0.882
  44 I E   0.277  0.009  0.714
  45 N C   0.685  0.012  0.303
  46 A C   0.905  0.030  0.065
  47 D C   0.950  0.035  0.015
  48 G C   0.895  0.031  0.073
  49 S C   0.559  0.019  0.422
  50 V E   0.244  0.013  0.742
  51 Y E   0.224  0.016  0.760
  52 A E   0.292  0.037  0.671
  53 E E   0.475  0.036  0.489
  54 E C   0.627  0.036  0.337
  55 V C   0.997  0.001  0.002
