# PSIPRED VFORMAT (PSIPRED V2.6 by David Jones)

   1 M L   0.979  0.011  0.009
   2 E L   0.868  0.035  0.096
   3 Q L   0.652  0.048  0.300
   4 R L   0.515  0.043  0.443
   5 I L   0.582  0.022  0.396
   6 T L   0.789  0.045  0.166
   7 L H   0.069  0.918  0.013
   8 K H   0.032  0.965  0.004
   9 D H   0.015  0.983  0.002
  10 Y H   0.022  0.975  0.003
  11 A H   0.018  0.980  0.002
  12 M H   0.026  0.972  0.002
  13 R H   0.018  0.981  0.002
  14 F H   0.041  0.958  0.002
  15 G H   0.303  0.692  0.005
  16 Q H   0.133  0.857  0.010
  17 T H   0.033  0.963  0.004
  18 K H   0.029  0.966  0.006
  19 T H   0.033  0.961  0.005
  20 A H   0.037  0.959  0.003
  21 K H   0.060  0.936  0.003
  22 D H   0.142  0.853  0.005
  23 L H   0.384  0.607  0.009
  24 G L   0.518  0.466  0.017
  25 V H   0.317  0.625  0.058
  26 Y H   0.195  0.776  0.028
  27 Q H   0.020  0.978  0.002
  28 S H   0.011  0.988  0.002
  29 A H   0.006  0.993  0.002
  30 I H   0.004  0.995  0.002
  31 N H   0.009  0.991  0.002
  32 K H   0.011  0.987  0.003
  33 A H   0.018  0.978  0.004
  34 I H   0.022  0.974  0.004
  35 H H   0.051  0.939  0.010
  36 A H   0.217  0.764  0.019
  37 G L   0.932  0.050  0.018
  38 R L   0.835  0.032  0.134
  39 K E   0.328  0.032  0.639
  40 I E   0.084  0.008  0.909
  41 F E   0.025  0.003  0.973
  42 L E   0.022  0.002  0.976
  43 T E   0.047  0.002  0.951
  44 I E   0.145  0.003  0.853
  45 N L   0.655  0.008  0.337
  46 A L   0.941  0.013  0.047
  47 D L   0.941  0.013  0.046
  48 G L   0.683  0.010  0.307
  49 S E   0.200  0.005  0.796
  50 V E   0.110  0.005  0.885
  51 Y E   0.138  0.006  0.856
  52 A E   0.286  0.016  0.697
  53 E E   0.219  0.011  0.770
  54 E E   0.449  0.030  0.522
  55 V L   0.954  0.002  0.044
